	Kohl-Grounhog-KPM-R001	Kohl-Grounhog-KPM-R002	Kohl-Grounhog-KPM-R003	Kohl-Grounhog-KPM-R004	Kohl-Grounhog-KPM-R005	Kohl-Grounhog-KPM-R006	Kohl-Grounhog-KPM-R007	Kohl-Grounhog-KPM-R008	Kohl-Grounhog-KPM-R009	Kohl-Grounhog-KPM-R016	Kohl-Grounhog-KPM-R017	Kohl-Grounhog-KPM-R018	Kohl-Grounhog-KPM-R019	Kohl-Grounhog-KPM-R020	Kohl-Grounhog-KPM-R021	Kohl-Grounhog-KPM-R038	Kohl-Grounhog-KPM-R039	Kohl-Grounhog-KPM-R040	Kohl-Grounhog-KPM-R041	Kohl-Grounhog-KPM-R042	Kohl-Grounhog-KPM-R043	Kohl-Grounhog-KPM-R044	Kohl-Grounhog-KPM-R045	Kohl-Grounhog-KPM-R046	Kohl-Grounhog-KPM-R047	Kohl-Grounhog-KPM-R062	Kohl-Grounhog-KPM-R063	Kohl-Grounhog-KPM-R064	Kohl-Grounhog-KPM-R065	Kohl-Grounhog-KPM-R066	Kohl-Grounhog-KPM-R067	Kohl-Grounhog-KPM-R073	Kohl-Grounhog-KPM-R074	Kohl-Grounhog-KPM-R075	Kohl-Grounhog-KPM-R076	Kohl-Grounhog-KPM-R077	Kohl-Grounhog-KPM-R078	Kohl-Grounhog-KPM-R079	Kohl-Grounhog-KPM-R080	Kohl-Grounhog-KPM-R081	Kohl-Grounhog-KPM-R086	Kohl-Grounhog-KPM-R087	Kohl-Grounhog-KPM-R088	Kohl-Grounhog-KPM-R089	Kohl-Grounhog-KPM-R090	Kohl-Grounhog-KPM-R091	Kohl-Grounhog-KPM-R092	Kohl-Grounhog-KPM-R093	Kohl-Grounhog-KPM-R094	Kohl-Grounhog-KPM-R095	Kohl-Grounhog-KPM-R096	Kohl-Grounhog-KPM-R097	Kohl-Grounhog-KPM-R105	Kohl-Grounhog-KPM-R106	Kohl-Grounhog-KPM-R107	Kohl-Grounhog-KPM-R108	Kohl-Grounhog-KPM-R114	Kohl-Grounhog-KPM-R115	Kohl-Grounhog-KPM-R116	Kohl-Grounhog-KPM-R117	Kohl-Grounhog-KPM-R118	Kohl-Grounhog-KPM-R119	Kohl-Grounhog-KPM-R120	Kohl-Grounhog-KPM-R121	Kohl-Grounhog-KPM-R122	Kohl-Grounhog-KPM-R123	Kohl-LQ-Groundhog-KPM-G002	Kohl-LQ-Groundhog-KPM-G003
Kohl-Grounhog-KPM-R001	0	0.091519902	0.078644622	0.021051308	0.021051308	0.099447067	0.177742692	0.08446584	0.532758406	0.131575057	0.131575057	0.131575066	0.34358102	0.411907184	0.29411763	0.462649674	0.124774522	0.152300016	0.117206244	0.302009145	0.233012098	0.224555905	0.217870954	0.066003492	0.121866218	0.22247149	0.366259425	0.372300501	0.081948383	0.126901539	0.210178591	0.333795266	0.279836219	0.425626075	0.206708218	0.350524205	0.652805033	0.373219921	0.251131864	0.424052669	0.424018342	0.437961749	0.604104548	0.396237288	0.254815112	0.328640943	0.517021983	0.653393506	0.564569144	0.39331023	0.435842459	0.617296475	0.258967924	0.177299999	0.138129698	0.1419307	0.154857914	0.277792595	0.410705815	0.534463556	0.531868616	0.499161071	0.456561721	0.342479845	0.516891207	0.457638985	0.948969411	0.956123205
Kohl-Grounhog-KPM-R002	0.091519902	0	0.162459472	0.110500322	0.110500322	0.025959548	0.183152503	0.00840972	0.571190359	0.220529843	0.220529843	0.220529852	0.348502281	0.417595629	0.233941693	0.510081535	0.128591388	0.156975048	0.120775603	0.364410222	0.180344019	0.294303496	0.218470887	0.15105103	0.125588563	0.305264706	0.346481658	0.381491783	0.165441436	0.057997851	0.181103287	0.400979861	0.344331852	0.484776964	0.295094037	0.417802502	0.686946128	0.438032589	0.329305105	0.483135356	0.48382883	0.487670613	0.643186782	0.4498139	0.332581794	0.396372513	0.559469193	0.696205556	0.60269147	0.448241123	0.485747186	0.656115831	0.201851443	0.183477116	0.142755553	0.146707086	0.159609354	0.342481624	0.462938467	0.541542655	0.578348578	0.543241122	0.504554287	0.401075607	0.559350357	0.505532297	0.953298258	0.960086362
Kohl-Grounhog-KPM-R003	0.078644622	0.162459472	0	0.0588318	0.0588318	0.169201565	0.208833332	0.156467678	0.539142277	0.169616687	0.169616687	0.169616696	0.363622714	0.42510208	0.345368633	0.416782776	0.160853272	0.114990168	0.154025473	0.321827217	0.28419782	0.25033105	0.245410538	0.099616774	0.158228698	0.143826868	0.351195363	0.388037963	0.003585762	0.192622956	0.199765507	0.353578045	0.301286529	0.439286979	0.240057657	0.369545377	0.655085382	0.390538181	0.302996401	0.437764756	0.43789425	0.449072154	0.608130622	0.409780496	0.281798719	0.34882171	0.524112883	0.656217534	0.569618885	0.407298013	0.447071272	0.620914052	0.313628814	0.21248603	0.17576198	0.179325603	0.188061835	0.315225634	0.42338121	0.541070699	0.53910774	0.507092023	0.466656704	0.355403894	0.523988112	0.467676468	0.945770437	0.95544278
Kohl-Grounhog-KPM-R004	0.021051308	0.110500322	0.0588318	0	0	0.118101096	0.165413911	0.103739032	0.525417768	0.117709977	0.117709977	0.117709986	0.331858586	0.402514862	0.307770778	0.451094496	0.11184474	0.139679642	0.10419249	0.291684269	0.246584836	0.213324051	0.206013005	0.045918835	0.108904111	0.202658668	0.377209226	0.362379438	0.062206605	0.144446603	0.224325948	0.322552062	0.269246839	0.415410558	0.192554165	0.339199343	0.646445629	0.362224798	0.264911957	0.413854483	0.413694328	0.429343947	0.596940257	0.387079974	0.242152129	0.317326349	0.509464389	0.645414373	0.55767309	0.383930393	0.42719692	0.610149055	0.273542804	0.163259054	0.124239408	0.128025791	0.142266613	0.284042725	0.401734018	0.526790165	0.52354986	0.491359617	0.448188879	0.328340534	0.509331818	0.449280415	0.949025349	0.955309798
Kohl-Grounhog-KPM-R005	0.021051308	0.110500322	0.0588318	0	0	0.118101096	0.165413911	0.103739032	0.525417768	0.117709977	0.117709977	0.117709986	0.331858586	0.402514862	0.307770778	0.451094496	0.11184474	0.139679642	0.10419249	0.291684269	0.246584836	0.213324051	0.206013005	0.045918835	0.108904111	0.202658668	0.377209226	0.362379438	0.062206605	0.144446603	0.224325948	0.322552062	0.269246839	0.415410558	0.192554165	0.339199343	0.646445629	0.362224798	0.264911957	0.413854483	0.413694328	0.429343947	0.596940257	0.387079974	0.242152129	0.317326349	0.509464389	0.645414373	0.55767309	0.383930393	0.42719692	0.610149055	0.273542804	0.163259054	0.124239408	0.128025791	0.142266613	0.284042725	0.401734018	0.526790165	0.52354986	0.491359617	0.448188879	0.328340534	0.509331818	0.449280415	0.949025349	0.955309798
Kohl-Grounhog-KPM-R006	0.099447067	0.025959548	0.169201565	0.118101096	0.118101096	0	0.189566835	0.017846093	0.575523745	0.227215719	0.227215719	0.227215727	0.336061131	0.408058086	0.218299581	0.512396179	0.135887399	0.163805369	0.128202521	0.3683005	0.18680236	0.29909608	0.230112267	0.157977288	0.132934732	0.310857236	0.351432654	0.385176374	0.172135798	0.066518076	0.187549716	0.404936308	0.348471001	0.487799295	0.30114034	0.421658716	0.688030136	0.441626297	0.334417607	0.486163429	0.48688986	0.490201316	0.644594338	0.452731351	0.337644652	0.400389852	0.561341582	0.697523577	0.604215103	0.451239708	0.48829688	0.657464868	0.208903564	0.190810745	0.150454924	0.154370967	0.166397226	0.346644093	0.465718739	0.546365628	0.580312752	0.545253685	0.506921327	0.404531214	0.561223753	0.507890023	0.953319381	0.960102901
Kohl-Grounhog-KPM-R007	0.177742692	0.183152503	0.208833332	0.165413911	0.165413911	0.189566835	0	0.177454136	0.574517262	0.262891963	0.262891963	0.26289197	0.376478159	0.434375307	0.360433515	0.515200546	0.180465059	0.204222504	0.173953915	0.383339674	0.299366959	0.142689079	0.2613065	0.199249512	0.177961913	0.336019758	0.419879938	0.398534523	0.211343081	0.21186946	0.279283591	0.417935735	0.365567802	0.49311238	0.32882426	0.433260425	0.681926574	0.451205652	0.378194307	0.491595305	0.492326919	0.49457329	0.639979501	0.460014478	0.358903158	0.413870917	0.561106987	0.689416932	0.601798132	0.458797508	0.492808821	0.652198191	0.329670068	0.232078794	0.19626841	0.199743373	0.206436376	0.382555357	0.471955417	0.546999357	0.578885245	0.545954058	0.510101466	0.416041345	0.560995777	0.511003153	0.947041549	0.953475765
Kohl-Grounhog-KPM-R008	0.08446584	0.00840972	0.156467678	0.103739032	0.103739032	0.017846093	0.177454136	0	0.57222436	0.214582037	0.214582037	0.214582045	0.349599052	0.418621936	0.234839078	0.508037421	0.122103333	0.150904242	0.1141702	0.360965529	0.174606263	0.290054441	0.219189399	0.144894291	0.119055548	0.300294546	0.342085605	0.378230231	0.159492384	0.050411435	0.175376193	0.397473358	0.340665457	0.482102097	0.289715198	0.414384711	0.685991097	0.434848843	0.324765244	0.480455447	0.481119384	0.485434782	0.641945568	0.447234613	0.328086333	0.392811702	0.557817127	0.695042431	0.601348177	0.445589443	0.483494499	0.65492627	0.195574733	0.176948034	0.135900853	0.139883983	0.153576564	0.33879445	0.460481043	0.542595378	0.57661419	0.541464852	0.502463691	0.398017837	0.557697397	0.503449964	0.953279753	0.960071874
Kohl-Grounhog-KPM-R009	0.532758406	0.571190359	0.539142277	0.525417768	0.525417768	0.575523745	0.574517262	0.57222436	0	0.578892541	0.578892541	0.578892543	0.588184833	0.524515804	0.652618515	0.63436144	0.518244802	0.567928281	0.549580007	0.557526242	0.559327382	0.522940904	0.52612667	0.536055682	0.543300663	0.60984127	0.633029968	0.495625993	0.53995607	0.579417554	0.558801467	0.593283851	0.579901922	0.540095665	0.61461486	0.589495045	0.745276294	0.597676643	0.575615395	0.628839938	0.547564088	0.576836259	0.7113362	0.491668178	0.572458712	0.615837376	0.657766668	0.427787111	0.680773155	0.609158954	0.55980264	0.609228635	0.600541641	0.600632621	0.582008967	0.583816164	0.552000526	0.477417944	0.243204955	0.373919858	0.234526923	0.651253603	0.316907836	0.536752137	0.31872761	0.251097982	0.89784623	0.908418969
Kohl-Grounhog-KPM-R016	0.131575057	0.220529843	0.169616687	0.117709977	0.117709977	0.227215719	0.262891963	0.214582037	0.578892541	0	0	1.22E-08	0.262543626	0.472807433	0.22382599	0.51570615	0.215408939	0.240084016	0.208624397	0.370926819	0.340167753	0.301121096	0.298864722	0.158223707	0.212801805	0.313443555	0.468987715	0.43730224	0.172594244	0.250386648	0.318981487	0.255239782	0.350943186	0.364448402	0.084829462	0.273334941	0.628943192	0.30108284	0.180602645	0.362828525	0.361968632	0.493455841	0.574034438	0.455851138	0.154234039	0.248919163	0.564709888	0.623112178	0.607562374	0.435255439	0.491545804	0.588124317	0.183776982	0.051625969	0.235161565	0.232243335	0.24237703	0.369793394	0.468891082	0.582672418	0.491208426	0.548612513	0.510219304	0.407401554	0.564592025	0.511190202	0.954945308	0.960739042
Kohl-Grounhog-KPM-R017	0.131575057	0.220529843	0.169616687	0.117709977	0.117709977	0.227215719	0.262891963	0.214582037	0.578892541	0	0	1.22E-08	0.262543626	0.472807433	0.22382599	0.51570615	0.215408939	0.240084016	0.208624397	0.370926819	0.340167753	0.301121096	0.298864722	0.158223707	0.212801805	0.313443555	0.468987715	0.43730224	0.172594244	0.250386648	0.318981487	0.255239782	0.350943186	0.364448402	0.084829462	0.273334941	0.628943192	0.30108284	0.180602645	0.362828525	0.361968632	0.493455841	0.574034438	0.455851138	0.154234039	0.248919163	0.564709888	0.623112178	0.607562374	0.435255439	0.491545804	0.588124317	0.183776982	0.051625969	0.235161565	0.232243335	0.24237703	0.369793394	0.468891082	0.582672418	0.491208426	0.548612513	0.510219304	0.407401554	0.564592025	0.511190202	0.954945308	0.960739042
Kohl-Grounhog-KPM-R018	0.131575066	0.220529852	0.169616696	0.117709986	0.117709986	0.227215727	0.26289197	0.214582045	0.578892543	1.22E-08	1.22E-08	0	0.262543633	0.472807436	0.223825998	0.515706153	0.215408947	0.240084023	0.208624405	0.370926824	0.340167759	0.301121102	0.298864729	0.158223716	0.212801813	0.313443562	0.46898772	0.437302244	0.172594252	0.250386656	0.318981493	0.255239789	0.350943191	0.364448407	0.084829473	0.273334948	0.628943194	0.301082846	0.180602654	0.36282853	0.361968637	0.493455845	0.57403444	0.455851142	0.154234048	0.24891917	0.564709891	0.62311218	0.607562376	0.435255443	0.491545807	0.588124319	0.183776991	0.05162598	0.235161573	0.232243344	0.242377037	0.369793399	0.468891086	0.58267242	0.491208429	0.548612516	0.510219306	0.407401559	0.564592027	0.511190205	0.954945308	0.960739042
Kohl-Grounhog-KPM-R019	0.34358102	0.348502281	0.363622714	0.331858586	0.331858586	0.336061131	0.376478159	0.349599052	0.588184833	0.262543626	0.262543626	0.262543633	0	0.363867932	0.271249826	0.596585765	0.257275757	0.360235341	0.259095319	0.413441141	0.33736054	0.328996248	0.264422938	0.356585711	0.307371758	0.479846877	0.466790597	0.475868695	0.365467948	0.359725871	0.346150974	0.312049977	0.376588548	0.456134289	0.328507081	0.25417611	0.656453054	0.323897866	0.239236957	0.343019782	0.44207435	0.451494108	0.56013409	0.453511329	0.179673763	0.377903168	0.551058771	0.604778884	0.592951591	0.434430278	0.480618528	0.554095995	0.234150621	0.231700718	0.366640863	0.364641023	0.32972006	0.495683159	0.494701471	0.565608668	0.53355886	0.564619003	0.543731222	0.519443276	0.581348648	0.499398851	0.957871226	0.963355766
Kohl-Grounhog-KPM-R020	0.411907184	0.417595629	0.42510208	0.402514862	0.402514862	0.408058086	0.434375307	0.418621936	0.524515804	0.472807433	0.472807433	0.472807436	0.363867932	0	0.49716932	0.464514822	0.346130923	0.422671371	0.347780935	0.457851962	0.404491874	0.393938718	0.347525578	0.42005839	0.383616369	0.51752156	0.50635408	0.507706301	0.426428413	0.424981796	0.411175791	0.485046014	0.429254099	0.578160326	0.519963365	0.448261372	0.707712805	0.491964156	0.450386006	0.498406201	0.469539099	0.473859466	0.635321708	0.487563491	0.412421269	0.53023057	0.554711957	0.677849382	0.601802571	0.487076685	0.498353782	0.552326887	0.457829476	0.45723082	0.431919926	0.434376039	0.399358764	0.5246755	0.521142652	0.579103478	0.538119183	0.578276618	0.561230592	0.446367685	0.59236379	0.52395447	0.942884612	0.948822243
Kohl-Grounhog-KPM-R021	0.29411763	0.233941693	0.345368633	0.307770778	0.307770778	0.218299581	0.360433515	0.234839078	0.652618515	0.22382599	0.22382599	0.223825998	0.271249826	0.49716932	0	0.605584725	0.320824501	0.341384633	0.277654031	0.494663834	0.358385821	0.442257356	0.385605599	0.337085412	0.318655062	0.478151189	0.507058669	0.507527751	0.347536331	0.270109449	0.358939316	0.377636247	0.453993627	0.440950733	0.257614075	0.363447775	0.681688282	0.386982741	0.259201702	0.443073462	0.466183692	0.569604704	0.63600521	0.538873806	0.263099431	0.395615474	0.628282612	0.673307575	0.663857512	0.522111493	0.568039882	0.633971474	0.195274358	0.185610237	0.307587979	0.304994939	0.343297791	0.478204483	0.549511769	0.615893795	0.567763538	0.614974718	0.583356446	0.522322332	0.628185063	0.584153909	0.960906632	0.96584619
Kohl-Grounhog-KPM-R038	0.462649674	0.510081535	0.416782776	0.451094496	0.451094496	0.512396179	0.515200546	0.508037421	0.63436144	0.51570615	0.51570615	0.515706153	0.596585765	0.464514822	0.605584725	0	0.497598299	0.471873435	0.495158852	0.362950782	0.554410474	0.522935276	0.52918496	0.446872631	0.496658704	0.500665083	0.59796107	0.588957881	0.414683982	0.520559049	0.510846221	0.58464449	0.544093319	0.625221556	0.556788537	0.595298431	0.734033159	0.604053144	0.572213495	0.624049427	0.616258618	0.5187757	0.706957104	0.592919141	0.56085784	0.582685919	0.64119933	0.749078762	0.675929838	0.594244232	0.581894694	0.652569048	0.589065845	0.540708289	0.51929019	0.521368554	0.507479732	0.549629959	0.59943561	0.664174537	0.662316515	0.641706222	0.620809157	0.556625251	0.650718152	0.62132491	0.92777386	0.937671205
Kohl-Grounhog-KPM-R039	0.124774522	0.128591388	0.160853272	0.11184474	0.11184474	0.135887399	0.180465059	0.122103333	0.518244802	0.215408939	0.215408939	0.215408947	0.257275757	0.346130923	0.320824501	0.497598299	0	0.155664409	0.121509887	0.272084637	0.164836243	0.202420777	0.123345862	0.150063864	0.081538091	0.295752881	0.302077179	0.371202195	0.163676115	0.161196187	0.127841301	0.301474159	0.335081222	0.470418007	0.285588463	0.328184805	0.673397321	0.341938911	0.240712136	0.395424295	0.44349248	0.420939437	0.613502609	0.414437615	0.217624818	0.353668784	0.529032484	0.662621921	0.574485824	0.412036486	0.451876232	0.59819671	0.16952152	0.180403796	0.142183658	0.145892459	0.116059529	0.353159757	0.392989282	0.513184472	0.563803683	0.512008379	0.492120127	0.390311016	0.528907735	0.472537247	0.951564761	0.957619045
Kohl-Grounhog-KPM-R040	0.152300016	0.156975048	0.114990168	0.139679642	0.139679642	0.163805369	0.204222504	0.150904242	0.567928281	0.240084016	0.240084016	0.240084023	0.360235341	0.422671371	0.341384633	0.471873435	0.155664409	0	0.148751562	0.369402368	0.280195681	0.304797873	0.241217321	0.175589149	0.153007225	0.250993257	0.261121178	0.38528298	0.117991562	0.187527657	0.09708347	0.403805534	0.350805971	0.48210582	0.308056421	0.419465789	0.677753023	0.438280733	0.361179527	0.480569164	0.481189549	0.48524856	0.634623292	0.449357543	0.341194748	0.399540243	0.554092696	0.684354596	0.596032725	0.447864781	0.483418267	0.647051331	0.309384639	0.207292058	0.170325798	0.173912924	0.183204979	0.36831867	0.46176904	0.539523048	0.571538383	0.53844292	0.501345863	0.403558005	0.553977903	0.502280038	0.945921839	0.95768878
Kohl-Grounhog-KPM-R041	0.117206244	0.120775603	0.154025473	0.10419249	0.10419249	0.128202521	0.173953915	0.1141702	0.549580007	0.208624397	0.208624397	0.208624405	0.259095319	0.347780935	0.277654031	0.495158852	0.121509887	0.148751562	0	0.334340599	0.233027114	0.263122631	0.192458515	0.143058626	0.118633014	0.290022706	0.378586875	0.351757548	0.156894361	0.147876303	0.232020786	0.35133157	0.260570271	0.42786128	0.279410779	0.354355208	0.652052407	0.376537429	0.28330382	0.417397289	0.451534166	0.422571075	0.591541472	0.387386294	0.277208273	0.372571236	0.503643639	0.639474082	0.552425032	0.384259409	0.420398528	0.609606896	0.281448308	0.172997497	0.134431982	0.138174297	0.151284334	0.349035241	0.426188625	0.492457482	0.523260264	0.491210344	0.441639991	0.386714712	0.517490579	0.442744505	0.951541771	0.957600595
Kohl-Grounhog-KPM-R042	0.302009145	0.364410222	0.321827217	0.291684269	0.291684269	0.3683005	0.383339674	0.360965529	0.557526242	0.370926819	0.370926819	0.370926824	0.413441141	0.457851962	0.494663834	0.362950782	0.272084637	0.369402368	0.334340599	0	0.304249594	0.317987515	0.271019947	0.315122191	0.324247203	0.425863952	0.454358968	0.450178992	0.323587974	0.327040684	0.348622494	0.413844322	0.416183993	0.530022294	0.424290759	0.376534685	0.689112277	0.433303785	0.366953877	0.47014858	0.509225844	0.446055767	0.614876403	0.473255689	0.353515147	0.456474619	0.562768168	0.679055899	0.599881667	0.472448033	0.501882342	0.621596578	0.395481956	0.403403332	0.375582306	0.378281997	0.343121783	0.449741388	0.472008808	0.582580677	0.59977887	0.553901704	0.539375686	0.474386028	0.537981442	0.517932958	0.945203309	0.951708351
Kohl-Grounhog-KPM-R043	0.233012098	0.180344019	0.28419782	0.246584836	0.246584836	0.18680236	0.299366959	0.174606263	0.559327382	0.340167753	0.340167753	0.340167759	0.33736054	0.404491874	0.358385821	0.554410474	0.164836243	0.280195681	0.233027114	0.304249594	0	0.282927682	0.086111669	0.275881298	0.193013706	0.406246001	0.344189803	0.393026007	0.286377042	0.130788041	0.210210427	0.403442153	0.398723916	0.528811449	0.403287372	0.333524118	0.701298681	0.425929114	0.324318947	0.426569464	0.480996534	0.415976797	0.611248789	0.432222113	0.331497299	0.424837209	0.553254127	0.6775023	0.5949239	0.448034804	0.476952148	0.623384286	0.231893449	0.31380862	0.279586939	0.282907736	0.209463515	0.412092917	0.457287464	0.532968749	0.606271264	0.531879297	0.539397143	0.466017852	0.525528735	0.50187441	0.953736986	0.960430141
Kohl-Grounhog-KPM-R044	0.224555905	0.294303496	0.25033105	0.213324051	0.213324051	0.29909608	0.142689079	0.290054441	0.522940904	0.301121096	0.301121096	0.301121102	0.328996248	0.393938718	0.442257356	0.522935276	0.202420777	0.304797873	0.263122631	0.317987515	0.282927682	0	0.217451285	0.242129203	0.251650947	0.365335827	0.408415679	0.427791889	0.252482043	0.301387712	0.291637344	0.367316357	0.341284057	0.491658845	0.360406618	0.3312649	0.667639328	0.3772215	0.309843398	0.42516472	0.457558923	0.41927876	0.599969809	0.413241031	0.27961076	0.406696446	0.52027245	0.644450652	0.563711919	0.411017037	0.447823902	0.590142982	0.338668915	0.337201397	0.306293184	0.309292449	0.274729512	0.40270957	0.432349174	0.548882412	0.562575783	0.51741714	0.49952565	0.432433667	0.527824299	0.467067537	0.945039099	0.951599502
Kohl-Grounhog-KPM-R045	0.217870954	0.218470887	0.245410538	0.206013005	0.206013005	0.230112267	0.2613065	0.219189399	0.52612667	0.298864722	0.298864722	0.298864729	0.264422938	0.347525578	0.385605599	0.52918496	0.123345862	0.241217321	0.192458515	0.271019947	0.086111669	0.217451285	0	0.236697272	0.151903899	0.366716884	0.355976891	0.349487476	0.247693925	0.177737991	0.227254161	0.368628796	0.341336693	0.49800899	0.361579354	0.267559879	0.676128249	0.378986361	0.308184995	0.382082326	0.445285073	0.374115941	0.574284794	0.399836386	0.276243194	0.390223676	0.513762932	0.642959701	0.5594135	0.397182999	0.436874506	0.586688954	0.273102138	0.271042449	0.237049053	0.240347698	0.180912663	0.405460999	0.435893544	0.500301984	0.572895576	0.499134146	0.50510256	0.436212437	0.493389418	0.457389931	0.951881723	0.957873559
Kohl-Grounhog-KPM-R046	0.066003492	0.15105103	0.099616774	0.045918835	0.045918835	0.157977288	0.199249512	0.144894291	0.536055682	0.158223707	0.158223707	0.158223716	0.356585711	0.42005839	0.337085412	0.446872631	0.150063864	0.175589149	0.143058626	0.315122191	0.275881298	0.242129203	0.236697272	0	0.147371256	0.237210989	0.400875939	0.382319733	0.102705906	0.182026651	0.25484152	0.346694784	0.294167053	0.433968501	0.229631137	0.362813651	0.653135387	0.384249531	0.294588663	0.432438519	0.4325056	0.44465539	0.605611626	0.404708367	0.273049748	0.341836235	0.520820967	0.653790942	0.566928217	0.402080592	0.442622237	0.618490518	0.304803732	0.201681224	0.164453314	0.16806583	0.177964967	0.308294904	0.418541105	0.537862283	0.535619264	0.503559541	0.462518448	0.349372839	0.520694464	0.463554083	0.949152777	0.955412257
Kohl-Grounhog-KPM-R047	0.121866218	0.125588563	0.158228698	0.108904111	0.108904111	0.132934732	0.177961913	0.119055548	0.543300663	0.212801805	0.212801805	0.212801813	0.307371758	0.383616369	0.318655062	0.496658704	0.081538091	0.153007225	0.118633014	0.324247203	0.193013706	0.251650947	0.151903899	0.147371256	0	0.293550228	0.352329437	0.369729663	0.161069196	0.158414226	0.197499588	0.356773563	0.333434431	0.469196172	0.28321453	0.335938154	0.672946427	0.394296756	0.305558367	0.423374741	0.410372257	0.426507732	0.594073501	0.384239241	0.283936808	0.314182401	0.506714238	0.642069009	0.555023687	0.381034402	0.424359795	0.607250963	0.244430158	0.177558412	0.139205586	0.142927262	0.060704654	0.351572608	0.426912954	0.489834533	0.562999045	0.488581136	0.49115991	0.388926721	0.506581441	0.446456127	0.951555882	0.957611919
Kohl-Grounhog-KPM-R062	0.22247149	0.305264706	0.143826868	0.202658668	0.202658668	0.310857236	0.336019758	0.300294546	0.60984127	0.313443555	0.313443555	0.313443562	0.479846877	0.51752156	0.478151189	0.500665083	0.295752881	0.250993257	0.290022706	0.425863952	0.406246001	0.365335827	0.366716884	0.237210989	0.293550228	0	0.259751436	0.486415799	0.146896901	0.330285152	0.327759113	0.465541814	0.408474357	0.539136539	0.383884525	0.481814246	0.714826454	0.499068735	0.42965543	0.537490427	0.538800426	0.533588572	0.676004512	0.500324545	0.409693167	0.461609301	0.597117496	0.628550859	0.63564254	0.500026374	0.53189464	0.68842018	0.448528423	0.356312898	0.319588848	0.323152469	0.318587448	0.421703027	0.511838809	0.614847288	0.618936765	0.582707763	0.548475521	0.453909389	0.597011866	0.549338846	0.953727762	0.962717368
Kohl-Grounhog-KPM-R063	0.366259425	0.346481658	0.351195363	0.377209226	0.377209226	0.351432654	0.419879938	0.342085605	0.633029968	0.468987715	0.468987715	0.46898772	0.466790597	0.50635408	0.507058669	0.59796107	0.302077179	0.261121178	0.378586875	0.454358968	0.344189803	0.408415679	0.355976891	0.400875939	0.352329437	0.259751436	0	0.503817669	0.353194546	0.35308042	0.185928816	0.510019405	0.508518887	0.628189178	0.530611285	0.517583732	0.760428067	0.540330334	0.461492054	0.566749068	0.60761531	0.558732427	0.712179122	0.559072934	0.454573875	0.547707334	0.640013708	0.673781271	0.672798719	0.560118643	0.58525077	0.703491824	0.396001804	0.448297089	0.414918128	0.418157148	0.373793908	0.517880168	0.548009563	0.633567686	0.685672961	0.632742121	0.621943837	0.555539236	0.639924271	0.599807043	0.955239621	0.9669806
Kohl-Grounhog-KPM-R064	0.372300501	0.381491783	0.388037963	0.362379438	0.362379438	0.385176374	0.398534523	0.378230231	0.495625993	0.43730224	0.43730224	0.437302244	0.475868695	0.507706301	0.507527751	0.588957881	0.371202195	0.38528298	0.351757548	0.450178992	0.393026007	0.427791889	0.349487476	0.382319733	0.369729663	0.486415799	0.503817669	0	0.389540605	0.345221928	0.436133854	0.529529568	0.458314039	0.405171375	0.487634015	0.485633556	0.713307202	0.545270011	0.4992296	0.566358183	0.573978749	0.528129959	0.652097205	0.365067832	0.476822031	0.529767719	0.603872456	0.588553713	0.636277178	0.52687533	0.551179685	0.528640731	0.48568149	0.419521497	0.392452109	0.395078862	0.386604862	0.313225851	0.393384055	0.464724635	0.490480794	0.603147763	0.423599102	0.519826857	0.450471747	0.409746844	0.940716752	0.947603898
Kohl-Grounhog-KPM-R065	0.081948383	0.165441436	0.003585762	0.062206605	0.062206605	0.172135798	0.211343081	0.159492384	0.53995607	0.172594244	0.172594244	0.172594252	0.365467948	0.426428413	0.347536331	0.414683982	0.163676115	0.117991562	0.156894361	0.323587974	0.286377042	0.252482043	0.247693925	0.102705906	0.161069196	0.146896901	0.353194546	0.389540605	0	0.195394357	0.20232008	0.355383889	0.303155415	0.440684327	0.242782629	0.3713114	0.655600181	0.392188707	0.305198306	0.439164164	0.439309855	0.450234726	0.60879499	0.411114608	0.284089649	0.350654188	0.52498057	0.656857024	0.570328687	0.408669981	0.448242295	0.62155327	0.315937729	0.215309868	0.178717501	0.182268346	0.190704877	0.312561495	0.424654611	0.541916299	0.540026485	0.508022828	0.46774632	0.356988716	0.524856254	0.468761926	0.945781232	0.955450889
Kohl-Grounhog-KPM-R066	0.126901539	0.057997851	0.192622956	0.144446603	0.144446603	0.066518076	0.21186946	0.050411435	0.579417554	0.250386648	0.250386648	0.250386656	0.359725871	0.424981796	0.270109449	0.520559049	0.161196187	0.187527657	0.147876303	0.327040684	0.130788041	0.301387712	0.177737991	0.182026651	0.158414226	0.330285152	0.35308042	0.345221928	0.195394357	0	0.209961964	0.414674768	0.349890769	0.494940246	0.322094736	0.377637922	0.690080932	0.450324884	0.347301858	0.485635833	0.494124457	0.458117718	0.620170984	0.452659531	0.339532988	0.414433914	0.560223269	0.695025097	0.602827015	0.451184697	0.487825192	0.655564886	0.233315384	0.216180373	0.177089784	0.180883051	0.189974748	0.361216915	0.47550356	0.550928026	0.58464491	0.549842586	0.512468997	0.416660111	0.534216587	0.507221808	0.953395345	0.960162391
Kohl-Grounhog-KPM-R067	0.210178591	0.181103287	0.199765507	0.224325948	0.224325948	0.187549716	0.279283591	0.175376193	0.558801467	0.318981487	0.318981487	0.318981493	0.346150974	0.411175791	0.358939316	0.510846221	0.127841301	0.09708347	0.232020786	0.348622494	0.210210427	0.291637344	0.227254161	0.25484152	0.197499588	0.327759113	0.185928816	0.436133854	0.20232008	0.209961964	0	0.381485879	0.405957891	0.528101244	0.382873858	0.405972393	0.70086872	0.416627224	0.312705911	0.460629215	0.504433002	0.47473048	0.647568335	0.47113695	0.315798708	0.427920069	0.569646376	0.697460844	0.609362616	0.470183076	0.503068209	0.633445644	0.219916932	0.291429457	0.256771861	0.260134959	0.225044096	0.404465165	0.450876572	0.55588544	0.605699707	0.554866007	0.538808664	0.452188824	0.569537881	0.520794106	0.947202393	0.959676088
Kohl-Grounhog-KPM-R073	0.333795266	0.400979861	0.353578045	0.322552062	0.322552062	0.404936308	0.417935735	0.397473358	0.593283851	0.255239782	0.255239782	0.255239789	0.312049977	0.485046014	0.377636247	0.58464449	0.301474159	0.403805534	0.35133157	0.413844322	0.403442153	0.367316357	0.368628796	0.346694784	0.356773563	0.465541814	0.510019405	0.529529568	0.355383889	0.414674768	0.381485879	0	0.258999864	0.455073076	0.318417391	0.290141706	0.549320616	0.158332083	0.202388646	0.149625685	0.270710941	0.341694306	0.467050477	0.477712142	0.21598622	0.110429402	0.480248808	0.524970389	0.508038454	0.299081871	0.366886107	0.564806722	0.284310627	0.29368875	0.413260766	0.411544895	0.376092024	0.483554108	0.48081561	0.516293035	0.547172225	0.457425686	0.434243411	0.507437053	0.475899598	0.544953809	0.952350182	0.958291147
Kohl-Grounhog-KPM-R074	0.279836219	0.344331852	0.301286529	0.269246839	0.269246839	0.348471001	0.365567802	0.340665457	0.579901922	0.350943186	0.350943186	0.350943191	0.376588548	0.429254099	0.453993627	0.544093319	0.335081222	0.350805971	0.260570271	0.416183993	0.398723916	0.341284057	0.341336693	0.294167053	0.333434431	0.408474357	0.508518887	0.458314039	0.303155415	0.349890769	0.405957891	0.258999864	0	0.498984506	0.406002326	0.401080934	0.580150822	0.268748182	0.399950883	0.295685262	0.352673064	0.314410444	0.455100413	0.42184204	0.356344146	0.283533653	0.396598226	0.528841768	0.42029584	0.188532285	0.305009836	0.612940075	0.456136722	0.384451373	0.355746563	0.358532014	0.352280112	0.436053167	0.487164471	0.464887642	0.561125403	0.41235408	0.35931956	0.462130866	0.434660146	0.467403613	0.946660388	0.953050373
Kohl-Grounhog-KPM-R075	0.425626075	0.484776964	0.439286979	0.415410558	0.415410558	0.487799295	0.49311238	0.482102097	0.540095665	0.364448402	0.364448402	0.364448407	0.456134289	0.578160326	0.440950733	0.625221556	0.470418007	0.48210582	0.42786128	0.530022294	0.528811449	0.491658845	0.49800899	0.433968501	0.469196172	0.539136539	0.628189178	0.405171375	0.440684327	0.494940246	0.528101244	0.455073076	0.498984506	0	0.3911239	0.43503216	0.680728111	0.451248441	0.386031471	0.500206818	0.509294219	0.58722092	0.641600799	0.403094139	0.38114503	0.471796829	0.635127763	0.541956094	0.665283512	0.550025659	0.585973413	0.517571275	0.469646197	0.398182036	0.470900937	0.469506036	0.48320345	0.192668672	0.427570382	0.526229264	0.437436064	0.624066523	0.456128001	0.561452022	0.510486767	0.457086927	0.933951226	0.940256535
Kohl-Grounhog-KPM-R076	0.206708218	0.295094037	0.240057657	0.192554165	0.192554165	0.30114034	0.32882426	0.289715198	0.61461486	0.084829462	0.084829462	0.084829473	0.328507081	0.519963365	0.257614075	0.556788537	0.285588463	0.308056421	0.279410779	0.424290759	0.403287372	0.360406618	0.361579354	0.229631137	0.28321453	0.383884525	0.530611285	0.487634015	0.242782629	0.322094736	0.382873858	0.318417391	0.406002326	0.3911239	0	0.302013766	0.660419742	0.329200893	0.211473994	0.393547659	0.380423509	0.53642571	0.610168867	0.502010993	0.184826208	0.312632946	0.601635314	0.64564013	0.640852647	0.483162417	0.5346777	0.607922659	0.262344998	0.136455431	0.173028589	0.169615908	0.310144332	0.424316717	0.513944766	0.620001228	0.534368942	0.586903471	0.551767137	0.457671362	0.601527449	0.552655674	0.958843286	0.961330187
Kohl-Grounhog-KPM-R077	0.350524205	0.417802502	0.369545377	0.339199343	0.339199343	0.421658716	0.433260425	0.414384711	0.589495045	0.273334941	0.273334941	0.273334948	0.25417611	0.448261372	0.363447775	0.595298431	0.328184805	0.419465789	0.354355208	0.376534685	0.333524118	0.3312649	0.267559879	0.362813651	0.335938154	0.481814246	0.517583732	0.485633556	0.3713114	0.377637922	0.405972393	0.290141706	0.401080934	0.43503216	0.302013766	0	0.641967778	0.301924409	0.160959774	0.295604474	0.373473853	0.389244453	0.507195684	0.41154028	0.156193848	0.301431387	0.527572383	0.579042234	0.562085145	0.398273304	0.428366141	0.509247231	0.313638825	0.311904671	0.400405093	0.398613093	0.356378148	0.496846488	0.495763618	0.582797999	0.539351665	0.551814768	0.557192615	0.519915278	0.537239291	0.492161477	0.956872964	0.961247092
Kohl-Grounhog-KPM-R078	0.652805033	0.686946128	0.655085382	0.646445629	0.646445629	0.688030136	0.681926574	0.685991097	0.745276294	0.628943192	0.628943192	0.628943194	0.656453054	0.707712805	0.681688282	0.734033159	0.673397321	0.677753023	0.652052407	0.689112277	0.701298681	0.667639328	0.676128249	0.653135387	0.672946427	0.714826454	0.760428067	0.713307202	0.655600181	0.690080932	0.70086872	0.549320616	0.580150822	0.680728111	0.660419742	0.641967778	0	0.588848458	0.632818357	0.586000983	0.60289245	0.625921669	0.497005326	0.68420932	0.643287883	0.55998397	0.668988203	0.706386429	0.525378685	0.596455518	0.621638195	0.732778816	0.682390288	0.648099359	0.694218761	0.69375338	0.678166076	0.698386119	0.710713211	0.691693742	0.706893703	0.49111063	0.642210597	0.704359671	0.666579116	0.713285316	0.948672766	0.954616433
Kohl-Grounhog-KPM-R079	0.373219921	0.438032589	0.390538181	0.362224798	0.362224798	0.441626297	0.451205652	0.434848843	0.597676643	0.30108284	0.30108284	0.301082846	0.323897866	0.491964156	0.386982741	0.604053144	0.341938911	0.438280733	0.376537429	0.433303785	0.425929114	0.3772215	0.378986361	0.384249531	0.394296756	0.499068735	0.540330334	0.545270011	0.392188707	0.450324884	0.416627224	0.158332083	0.268748182	0.451248441	0.329200893	0.301924409	0.588848458	0	0.233800567	0.243898415	0.293499736	0.398739331	0.488813731	0.506800012	0.228043739	0.242381304	0.440813199	0.537962895	0.52740358	0.279176371	0.428553922	0.571879965	0.329131427	0.338179774	0.421741497	0.420074941	0.411936974	0.51057589	0.508074933	0.515336899	0.552737403	0.488547644	0.468040091	0.532185755	0.505522754	0.550418903	0.953694259	0.958328613
Kohl-Grounhog-KPM-R080	0.251131864	0.329305105	0.302996401	0.264911957	0.264911957	0.334417607	0.378194307	0.324765244	0.575615395	0.180602645	0.180602645	0.180602654	0.239236957	0.450386006	0.259201702	0.572213495	0.240712136	0.361179527	0.28330382	0.366953877	0.324318947	0.309843398	0.308184995	0.294588663	0.305558367	0.42965543	0.461492054	0.4992296	0.305198306	0.347301858	0.312705911	0.202388646	0.399950883	0.386031471	0.211473994	0.160959774	0.632818357	0.233800567	0	0.288860998	0.382497318	0.451689181	0.558482175	0.439569006	0.094582382	0.290454056	0.554425977	0.610164343	0.597213478	0.426546922	0.475324467	0.529950782	0.183710487	0.224984198	0.332736558	0.330465039	0.329115102	0.439182207	0.460404515	0.588197529	0.522168033	0.555622869	0.539031594	0.484983616	0.570752579	0.520356082	0.956489497	0.961779468
Kohl-Grounhog-KPM-R081	0.424052669	0.483135356	0.437764756	0.413854483	0.413854483	0.486163429	0.491595305	0.480455447	0.628839938	0.362828525	0.362828525	0.36282853	0.343019782	0.498406201	0.443073462	0.624049427	0.395424295	0.480569164	0.417397289	0.47014858	0.426569464	0.42516472	0.382082326	0.432438519	0.423374741	0.537490427	0.566749068	0.566358183	0.439164164	0.485635833	0.460629215	0.149625685	0.295685262	0.500206818	0.393547659	0.295604474	0.586000983	0.243898415	0.288860998	0	0.31935091	0.311572066	0.467195669	0.48332665	0.25604534	0.207758634	0.479821477	0.507301856	0.483344201	0.316209628	0.339865597	0.552922527	0.388298294	0.396514726	0.472841195	0.471456519	0.438999917	0.54175301	0.536323305	0.531736076	0.584061273	0.476805722	0.47584832	0.560142546	0.482160117	0.541628072	0.953814506	0.958578147
Kohl-Grounhog-KPM-R086	0.424018342	0.48382883	0.43789425	0.413694328	0.413694328	0.48688986	0.492326919	0.481119384	0.547564088	0.361968632	0.361968632	0.361968637	0.44207435	0.469539099	0.466183692	0.616258618	0.44349248	0.481189549	0.451534166	0.509225844	0.480996534	0.457558923	0.445285073	0.4325056	0.410372257	0.538800426	0.60761531	0.573978749	0.439309855	0.494124457	0.504433002	0.270710941	0.352673064	0.509294219	0.380423509	0.373473853	0.60289245	0.293499736	0.382497318	0.31935091	0	0.417705412	0.515525448	0.526576548	0.377548884	0.188957321	0.528083581	0.53169599	0.530023429	0.37574982	0.399687713	0.616512197	0.44047485	0.396107456	0.46234968	0.460909264	0.414584864	0.533686721	0.572376359	0.543799723	0.504500557	0.489318901	0.491694612	0.452196903	0.505759232	0.57167533	0.945885956	0.95082354
Kohl-Grounhog-KPM-R087	0.437961749	0.487670613	0.449072154	0.429343947	0.429343947	0.490201316	0.49457329	0.485434782	0.576836259	0.493455841	0.493455841	0.493455845	0.451494108	0.473859466	0.569604704	0.5187757	0.420939437	0.48524856	0.422571075	0.446055767	0.415976797	0.41927876	0.374115941	0.44465539	0.426507732	0.533588572	0.558732427	0.528129959	0.450234726	0.458117718	0.47473048	0.341694306	0.314410444	0.58722092	0.53642571	0.389244453	0.625921669	0.398739331	0.451689181	0.311572066	0.417705412	0	0.483767928	0.435175158	0.438314213	0.364709352	0.452283017	0.55840933	0.454717328	0.330397016	0.269156239	0.602050151	0.519858669	0.519606674	0.497204546	0.499378399	0.426109183	0.529926709	0.526153437	0.509430832	0.612681507	0.464069874	0.467901377	0.543128484	0.443325504	0.514729721	0.937377206	0.946004572
Kohl-Grounhog-KPM-R088	0.604104548	0.643186782	0.608130622	0.596940257	0.596940257	0.644594338	0.639979501	0.641945568	0.7113362	0.574034438	0.574034438	0.57403444	0.56013409	0.635321708	0.63600521	0.706957104	0.613502609	0.634623292	0.591541472	0.614876403	0.611248789	0.599969809	0.574284794	0.605611626	0.594073501	0.676004512	0.712179122	0.652097205	0.60879499	0.620170984	0.647568335	0.467050477	0.455100413	0.641600799	0.610168867	0.507195684	0.497005326	0.488813731	0.558482175	0.467195669	0.515525448	0.483767928	0	0.570366163	0.553270088	0.45828737	0.55158656	0.615965134	0.141236254	0.45542203	0.498883165	0.65975177	0.620682769	0.596025323	0.651327313	0.650722091	0.596587717	0.662297994	0.667443294	0.616379978	0.664929118	0.177254109	0.592920281	0.670520582	0.581768028	0.62520384	0.947894035	0.953982478
Kohl-Grounhog-KPM-R089	0.396237288	0.4498139	0.409780496	0.387079974	0.387079974	0.452731351	0.460014478	0.447234613	0.491668178	0.455851138	0.455851138	0.455851142	0.453511329	0.487563491	0.538873806	0.592919141	0.414437615	0.449357543	0.387386294	0.473255689	0.432222113	0.413241031	0.399836386	0.404708367	0.384239241	0.500324545	0.559072934	0.365067832	0.411114608	0.452659531	0.47113695	0.477712142	0.42184204	0.403094139	0.502010993	0.41154028	0.68420932	0.506800012	0.439569006	0.48332665	0.526576548	0.435175158	0.570366163	0	0.43267869	0.467709654	0.516844304	0.518829693	0.532750683	0.424132472	0.429626581	0.485655745	0.518288919	0.48394335	0.459878138	0.462213373	0.388179562	0.332210613	0.378355103	0.438308722	0.471337294	0.533456763	0.415381293	0.528806726	0.43419975	0.344608181	0.939638095	0.946564772
Kohl-Grounhog-KPM-R090	0.254815112	0.332581794	0.281798719	0.242152129	0.242152129	0.337644652	0.358903158	0.328086333	0.572458712	0.154234039	0.154234039	0.154234048	0.179673763	0.412421269	0.263099431	0.56085784	0.217624818	0.341194748	0.277208273	0.353515147	0.331497299	0.27961076	0.276243194	0.273049748	0.283936808	0.409693167	0.454573875	0.476822031	0.284089649	0.339532988	0.315798708	0.21598622	0.356344146	0.38114503	0.184826208	0.156193848	0.643287883	0.228043739	0.094582382	0.25604534	0.377548884	0.438314213	0.553270088	0.43267869	0	0.302601149	0.543703771	0.581164004	0.587741176	0.411808177	0.468951042	0.519026071	0.188175887	0.199125374	0.310115898	0.307742503	0.308460646	0.441250445	0.446642041	0.584929858	0.518431743	0.552259965	0.535435131	0.470668703	0.562275825	0.488968438	0.956501989	0.960940915
Kohl-Grounhog-KPM-R091	0.328640943	0.396372513	0.34882171	0.317326349	0.317326349	0.400389852	0.413870917	0.392811702	0.615837376	0.248919163	0.248919163	0.24891917	0.377903168	0.53023057	0.395615474	0.582685919	0.353668784	0.399540243	0.372571236	0.456474619	0.424837209	0.406696446	0.390223676	0.341836235	0.314182401	0.461609301	0.547707334	0.529767719	0.350654188	0.414433914	0.427920069	0.110429402	0.283533653	0.471796829	0.312632946	0.301431387	0.55998397	0.242381304	0.290454056	0.207758634	0.188957321	0.364709352	0.45828737	0.467709654	0.302601149	0	0.471557542	0.515983065	0.477502812	0.285574266	0.340868021	0.585823432	0.341871594	0.287694439	0.408721254	0.406978691	0.335390536	0.480462029	0.524633476	0.507944178	0.56020524	0.448187861	0.448631728	0.504680262	0.467143126	0.536601775	0.952325735	0.958271507
