	Kohl-Grounhog-KPM-R010	Kohl-Grounhog-KPM-R011	Kohl-Grounhog-KPM-R012	Kohl-Grounhog-KPM-R013	Kohl-Grounhog-KPM-R014	Kohl-Grounhog-KPM-R015	Kohl-Grounhog-KPM-R022	Kohl-Grounhog-KPM-R023	Kohl-Grounhog-KPM-R024	Kohl-Grounhog-KPM-R025	Kohl-Grounhog-KPM-R026	Kohl-Grounhog-KPM-R027	Kohl-Grounhog-KPM-R028	Kohl-Grounhog-KPM-R029	Kohl-Grounhog-KPM-R030	Kohl-Grounhog-KPM-R031	Kohl-Grounhog-KPM-R032	Kohl-Grounhog-KPM-R033	Kohl-Grounhog-KPM-R034	Kohl-Grounhog-KPM-R035	Kohl-Grounhog-KPM-R036	Kohl-Grounhog-KPM-R037	Kohl-Grounhog-KPM-R048	Kohl-Grounhog-KPM-R049	Kohl-Grounhog-KPM-R050	Kohl-Grounhog-KPM-R051	Kohl-Grounhog-KPM-R052	Kohl-Grounhog-KPM-R053	Kohl-Grounhog-KPM-R054	Kohl-Grounhog-KPM-R055	Kohl-Grounhog-KPM-R056	Kohl-Grounhog-KPM-R057	Kohl-Grounhog-KPM-R058	Kohl-Grounhog-KPM-R059	Kohl-Grounhog-KPM-R060	Kohl-Grounhog-KPM-R061	Kohl-Grounhog-KPM-R068	Kohl-Grounhog-KPM-R069	Kohl-Grounhog-KPM-R070	Kohl-Grounhog-KPM-R071	Kohl-Grounhog-KPM-R072	Kohl-Grounhog-KPM-R082	Kohl-Grounhog-KPM-R083	Kohl-Grounhog-KPM-R084	Kohl-Grounhog-KPM-R085	Kohl-Grounhog-KPM-R098	Kohl-Grounhog-KPM-R099	Kohl-Grounhog-KPM-R100	Kohl-Grounhog-KPM-R101	Kohl-Grounhog-KPM-R102	Kohl-Grounhog-KPM-R103	Kohl-Grounhog-KPM-R104	Kohl-Grounhog-KPM-R109	Kohl-Grounhog-KPM-R110	Kohl-Grounhog-KPM-R111	Kohl-Grounhog-KPM-R112	Kohl-Grounhog-KPM-R113	Kohl-LQ-Groundhog-KPM-G002	Kohl-LQ-Groundhog-KPM-G003
Kohl-Grounhog-KPM-R010	0	0.285150901	0.498310033	0.248102659	0.673094012	0.58667144	0.674152262	0.604864127	0.619681898	0.371828381	0.359386451	0.344810012	0.685061492	0.397270304	0.382914026	0.382742028	0.352882557	0.388774282	0.382742029	0.375969334	0.623905694	0.633762454	0.420522509	0.357753615	0.407949128	0.386415947	0.610080902	0.380027159	0.621503285	0.67814694	0.415657974	0.656943466	0.432887297	0.392109703	0.373765922	0.678295439	0.252655119	0.383549962	0.298387225	0.279081342	0.294735231	0.290782925	0.60543192	0.593584899	0.320865743	0.299527894	0.29229105	0.606528248	0.426648928	0.304518893	0.286511819	0.417386573	0.316694614	0.318223576	0.314942701	0.37984992	0.36613725	0.908139113	0.915998577
Kohl-Grounhog-KPM-R011	0.285150901	0	0.551318683	0.31464757	0.707281843	0.636860062	0.707920336	0.652418639	0.646930851	0.418783345	0.504184461	0.387903095	0.722948624	0.427362365	0.419440081	0.411038611	0.383839928	0.416434052	0.411038612	0.434397436	0.664944049	0.673210478	0.553801788	0.424796263	0.441904932	0.41202306	0.653393592	0.413288755	0.662933201	0.690535476	0.448840032	0.672801317	0.492613686	0.4286048	0.412621235	0.717366622	0.338592673	0.445023	0.364667298	0.363945182	0.356998176	0.359386288	0.650598199	0.641907294	0.382878699	0.367947862	0.373647885	0.65296019	0.485216268	0.372337112	0.357677278	0.483545834	0.396689637	0.397724666	0.397073586	0.451080589	0.436351043	0.906179633	0.906353776
Kohl-Grounhog-KPM-R012	0.498310033	0.551318683	0	0.521294158	0.51560945	0.326716466	0.545458845	0.367109614	0.7938464	0.676726143	0.620819081	0.544506058	0.414458792	0.572942755	0.563964376	0.553986228	0.532483653	0.56477555	0.55398623	0.548320082	0.32275219	0.350780932	0.656105897	0.53792275	0.583503123	0.557458394	0.281910499	0.55857057	0.315785636	0.449266721	0.589484794	0.407457535	0.61841164	0.576587935	0.564632601	0.393821089	0.54816676	0.553813354	0.568564633	0.559588301	0.454541678	0.548760991	0.387498942	0.349012408	0.522802312	0.574554634	0.575533896	0.247631864	0.652418312	0.569307475	0.56957032	0.661897325	0.559464741	0.59050605	0.593579515	0.63696305	0.610771615	0.939661594	0.945048668
Kohl-Grounhog-KPM-R013	0.248102659	0.31464757	0.521294158	0	0.685371896	0.605876644	0.686258135	0.62358295	0.646807151	0.418406602	0.480417569	0.384961972	0.698452245	0.427045564	0.419123207	0.408257457	0.380870314	0.413701384	0.408257458	0.405898409	0.63967098	0.64872865	0.533057385	0.395495804	0.441612113	0.411698035	0.627000446	0.410522954	0.63746635	0.690377706	0.448554447	0.670645096	0.464621611	0.428289373	0.412284242	0.692254988	0.302531297	0.417851199	0.330610553	0.328035808	0.32501222	0.324264264	0.623180299	0.612839517	0.350686829	0.334288705	0.340270257	0.624762992	0.460778659	0.338905221	0.32133149	0.457060006	0.363606503	0.365984111	0.365440216	0.422976029	0.408757457	0.896513124	0.906762096
Kohl-Grounhog-KPM-R014	0.673094012	0.707281843	0.51560945	0.685371896	0	0.380707927	0.555733771	0.480015236	0.735259079	0.718693353	0.679900169	0.66731746	0.61622264	0.695395458	0.684111814	0.679634186	0.665156384	0.684606008	0.679634187	0.669333625	0.540888179	0.555861186	0.644290492	0.663313643	0.696097502	0.680158722	0.51955031	0.68083316	0.537208676	0.617064286	0.699801381	0.593946153	0.730776927	0.696042845	0.690679288	0.605798033	0.606085248	0.687562752	0.621679105	0.617398211	0.685225068	0.565078137	0.466072032	0.40077277	0.604565509	0.626292907	0.627048688	0.500297998	0.672225173	0.652928751	0.626001885	0.653469516	0.614700009	0.586930686	0.589772175	0.630139895	0.664732138	0.948089783	0.951077353
Kohl-Grounhog-KPM-R015	0.58667144	0.636860062	0.326716466	0.605876644	0.380707927	0	0.452288454	0.227210205	0.779899184	0.630804664	0.634950821	0.552700019	0.430536418	0.596725611	0.584062436	0.573817714	0.548948075	0.582216107	0.573817715	0.567066979	0.329160113	0.35959737	0.675474085	0.556509107	0.603871292	0.577440503	0.284351117	0.575849577	0.321555444	0.465376455	0.609912337	0.416904964	0.642341264	0.597815602	0.586069806	0.408305363	0.456078406	0.596327441	0.48439284	0.496110786	0.607497231	0.426394976	0.226822922	0.090851452	0.487377741	0.492629911	0.493973208	0.271175475	0.633525012	0.555976382	0.507629939	0.625698343	0.499663656	0.539325095	0.518561546	0.575006755	0.640150078	0.955160339	0.960910921
Kohl-Grounhog-KPM-R022	0.674152262	0.707920336	0.545458845	0.686258135	0.555733771	0.452288454	0	0.488323847	0.688940209	0.723416306	0.591076787	0.589103672	0.507263681	0.621538549	0.610767347	0.60500149	0.586308572	0.611403278	0.605001491	0.59832547	0.429385757	0.449111123	0.591079109	0.588362063	0.626165704	0.605677311	0.401136861	0.606546125	0.42452616	0.523663497	0.630913713	0.444372246	0.658909169	0.622379036	0.61380078	0.493006908	0.592759637	0.619238193	0.534881837	0.623892079	0.689633848	0.613053845	0.392775939	0.47742266	0.642870066	0.540837684	0.539260189	0.507887348	0.647190891	0.656120329	0.632342206	0.641980599	0.544706406	0.642004198	0.628826892	0.664688638	0.68736765	0.94773064	0.952882789
Kohl-Grounhog-KPM-R023	0.604864127	0.652418639	0.367109614	0.62358295	0.480015236	0.227210205	0.488323847	0	0.789495596	0.6075235	0.662904831	0.590671561	0.480197856	0.630525649	0.617155856	0.61017261	0.587205001	0.617923179	0.610172611	0.601820838	0.375814942	0.40458651	0.700624696	0.589674705	0.593756921	0.610993561	0.333378706	0.612047996	0.368619633	0.443693272	0.600204014	0.464850167	0.676413576	0.631535279	0.621338831	0.45954361	0.49550036	0.626883053	0.52209842	0.463840657	0.588190402	0.496281236	0.270120169	0.168626161	0.554580602	0.529829161	0.527841764	0.194897353	0.659441793	0.527860155	0.476150733	0.605610041	0.506844544	0.547167678	0.554146184	0.607611496	0.621549489	0.958993799	0.961460267
Kohl-Grounhog-KPM-R024	0.619681898	0.646930851	0.7938464	0.646807151	0.735259079	0.779899184	0.688940209	0.789495596	0	0.60768923	0.566739344	0.559628029	0.797287478	0.572235914	0.575574939	0.579737754	0.566422964	0.584390985	0.579737755	0.590482438	0.756179633	0.760400083	0.439849996	0.578334621	0.587252094	0.580226697	0.750387325	0.577825763	0.755162533	0.706601887	0.590912013	0.74627375	0.622349107	0.567406853	0.55348966	0.794472921	0.578804401	0.598836222	0.551988272	0.594131536	0.645261854	0.597867471	0.742591742	0.782647533	0.613827728	0.554059007	0.543900654	0.793370259	0.58931169	0.619653338	0.594513671	0.569517396	0.557410783	0.565400667	0.570556561	0.592492941	0.590506113	0.905384576	0.912963921
Kohl-Grounhog-KPM-R025	0.371828381	0.418783345	0.676726143	0.418406602	0.718693353	0.630804664	0.723416306	0.6075235	0.60768923	0	0.480243074	0.290229837	0.756874042	0.324715795	0.338798755	0.344832594	0.304312475	0.358455963	0.344832595	0.377894179	0.679794499	0.690127037	0.527691178	0.346876134	0.372353293	0.346276789	0.665082417	0.34144456	0.677256482	0.711268448	0.382542568	0.693614329	0.428800158	0.31433422	0.270626932	0.750345376	0.186348564	0.404976169	0.257619777	0.158086362	0.362528895	0.238624944	0.644245166	0.613293189	0.309271401	0.265985186	0.242011067	0.623057291	0.459361768	0.268035779	0.156082822	0.371040545	0.265760746	0.274235693	0.28830063	0.356644509	0.40314742	0.935169186	0.940436519
Kohl-Grounhog-KPM-R026	0.359386451	0.504184461	0.620819081	0.480417569	0.679900169	0.634950821	0.591076787	0.662904831	0.566739344	0.480243074	0	0.289091558	0.599568733	0.332218438	0.325594632	0.315868873	0.284389558	0.310544777	0.315868871	0.301709355	0.542417147	0.553873809	0.254510512	0.301223199	0.351605243	0.317008446	0.526394664	0.318473604	0.539628959	0.601991437	0.359636339	0.570030684	0.370151105	0.333662305	0.314020521	0.59137398	0.35937415	0.351369309	0.303566541	0.399596612	0.418609633	0.394634788	0.597097288	0.653286446	0.347459804	0.2944127	0.313138033	0.606920122	0.455411353	0.427708464	0.394136659	0.442685667	0.352171279	0.427583594	0.412053244	0.461457936	0.51010524	0.904146327	0.912816647
Kohl-Grounhog-KPM-R027	0.344810012	0.387903095	0.544506058	0.384961972	0.66731746	0.552700019	0.589103672	0.590671561	0.559628029	0.290229837	0.289091558	0	0.509389152	0.118582658	0.100384702	0.102569884	0.04774348	0.121020718	0.102569881	0.150534909	0.437801229	0.455706758	0.356267048	0.113081445	0.147239013	0.108320558	0.412333027	0.097568074	0.433405407	0.492391682	0.159211842	0.458804618	0.207282929	0.10766399	0.069558297	0.496399625	0.174977006	0.194919545	0.121348359	0.227636922	0.295615594	0.246037157	0.505993933	0.57828733	0.212524128	0.134770165	0.115282837	0.516137921	0.34314345	0.298738835	0.239585259	0.314206825	0.167507272	0.282529028	0.264900183	0.340113772	0.410641864	0.911875963	0.921429822
Kohl-Grounhog-KPM-R028	0.685061492	0.722948624	0.414458792	0.698452245	0.61622264	0.430536418	0.507263681	0.480197856	0.797287478	0.756874042	0.599568733	0.509389152	0	0.538711008	0.526799307	0.515191796	0.486338941	0.524921049	0.515191797	0.510232666	0.152917865	0.194104232	0.632602576	0.49515091	0.54972936	0.516222507	0.169018151	0.517546299	0.142583592	0.388567371	0.554106972	0.33208219	0.465641374	0.537124372	0.52206059	0.046452574	0.602818984	0.541325457	0.534540902	0.639712635	0.63409476	0.626512903	0.355067191	0.4618792	0.591165519	0.541569911	0.542717383	0.363870545	0.655533046	0.6679382	0.646812251	0.659639438	0.54922994	0.661340169	0.643663768	0.683445237	0.725755062	0.949985676	0.956556654
Kohl-Grounhog-KPM-R029	0.397270304	0.427362365	0.572942755	0.427045564	0.695395458	0.596725611	0.621538549	0.630525649	0.572235914	0.324715795	0.332218438	0.118582658	0.538711008	0	0.05493672	0.04272577	0.101198917	0.06657681	0.042725773	0.094835882	0.469366513	0.452370589	0.389224539	0.068333867	0.10449561	0.048823418	0.446292232	0.041648715	0.465378148	0.519097317	0.117212105	0.491140761	0.139500606	0.020123329	0.091887634	0.526987584	0.24960363	0.154935917	0.186393204	0.299257301	0.331670315	0.302453704	0.549966431	0.618747682	0.268230601	0.198202887	0.193006535	0.560784649	0.391498796	0.349307102	0.282818944	0.368801927	0.241816499	0.343752253	0.324336779	0.378902214	0.45461525	0.906870687	0.923336589
Kohl-Grounhog-KPM-R030	0.382914026	0.419440081	0.563964376	0.419123207	0.684111814	0.584062436	0.610767347	0.617155856	0.575574939	0.338798755	0.325594632	0.100384702	0.526799307	0.05493672	0	0.043005532	0.096514499	0.042913406	0.043005534	0.090522245	0.443730051	0.427091365	0.374738695	0.050937024	0.087405968	0.024845704	0.435690045	0.038025646	0.439578699	0.508766078	0.100255197	0.480665901	0.145167417	0.04377214	0.113152028	0.514982264	0.230207496	0.138323937	0.180285908	0.279342137	0.327114911	0.294637651	0.53795423	0.605575141	0.261275372	0.19197949	0.174276113	0.548268366	0.375930618	0.341222564	0.290388809	0.35186842	0.222691205	0.325513228	0.309176789	0.376414501	0.440593696	0.905438167	0.92131487
Kohl-Grounhog-KPM-R031	0.382742028	0.411038611	0.553986228	0.408257457	0.679634186	0.573817714	0.60500149	0.61017261	0.579737754	0.344832594	0.315868873	0.102569884	0.515191796	0.04272577	0.043005532	0	0.059150745	0.025107484	2.92E-09	0.068268535	0.446046698	0.429219136	0.369925532	0.038908682	0.087549844	0.018747704	0.421882561	0.009208039	0.441870406	0.498099276	0.091393662	0.457309111	0.132823179	0.041474448	0.103773042	0.502831867	0.235274285	0.138912463	0.164774636	0.284786786	0.313387773	0.28182048	0.529527062	0.598380057	0.248392643	0.176911679	0.17889436	0.539807731	0.380535124	0.329984378	0.277015442	0.356785621	0.227650688	0.330699411	0.311239495	0.378832601	0.443298316	0.906240581	0.921865121
Kohl-Grounhog-KPM-R032	0.352882557	0.383839928	0.532483653	0.380870314	0.665156384	0.548948075	0.586308572	0.587205001	0.566422964	0.304312475	0.284389558	0.04774348	0.486338941	0.101198917	0.096514499	0.059150745	0	0.079012405	0.059150747	0.11997304	0.413684822	0.432734459	0.343877712	0.092187006	0.138541439	0.073336472	0.386545724	0.063961193	0.409004257	0.47167871	0.141856168	0.426741486	0.186125149	0.096010531	0.048282959	0.472442974	0.189075008	0.187121314	0.113611732	0.241578702	0.280975492	0.23967764	0.501810641	0.574715574	0.206164502	0.127269104	0.129497835	0.511923655	0.353109466	0.293205653	0.232918525	0.325296501	0.181479545	0.294772086	0.273986452	0.348315427	0.418141323	0.911898453	0.921655342
Kohl-Grounhog-KPM-R033	0.388774282	0.416434052	0.56477555	0.413701384	0.684606008	0.582216107	0.611403278	0.617923179	0.584390985	0.358455963	0.310544777	0.121020718	0.524921049	0.06657681	0.042913406	0.025107484	0.079012405	0	0.025107487	0.063541138	0.441873809	0.425253998	0.378915106	0.058503618	0.105339927	0.018914166	0.433774065	0.029977487	0.437709013	0.507086311	0.108926405	0.449785059	0.150450301	0.061465995	0.122427897	0.513058296	0.250835139	0.154773555	0.181989035	0.299340146	0.328307945	0.29604612	0.538880215	0.606365739	0.242476392	0.171170102	0.195537449	0.549197531	0.389964499	0.342459018	0.291857327	0.36754723	0.243214482	0.342904072	0.323887944	0.389259736	0.451937503	0.906649377	0.922205904
Kohl-Grounhog-KPM-R034	0.382742029	0.411038612	0.55398623	0.408257458	0.679634187	0.573817715	0.605001491	0.610172611	0.579737755	0.344832595	0.315868871	0.102569881	0.515191797	0.042725773	0.043005534	2.92E-09	0.059150747	0.025107487	0	0.068268538	0.4460467	0.429219138	0.369925533	0.038908685	0.087549847	0.018747707	0.421882563	0.009208042	0.441870407	0.498099277	0.091393664	0.457309113	0.132823182	0.04147445	0.103773044	0.502831869	0.235274287	0.138912465	0.164774638	0.284786788	0.313387775	0.281820482	0.529527063	0.598380058	0.248392645	0.176911681	0.178894363	0.539807732	0.380535125	0.32998438	0.277015444	0.356785622	0.22765069	0.330699413	0.311239497	0.378832603	0.443298318	0.906240581	0.921865121
Kohl-Grounhog-KPM-R035	0.375969334	0.434397436	0.548320082	0.405898409	0.669333625	0.567066979	0.59832547	0.601820838	0.590482438	0.377894179	0.301709355	0.150534909	0.510232666	0.094835882	0.090522245	0.068268535	0.11997304	0.063541138	0.068268538	0	0.443654108	0.42744715	0.365777859	0.04406293	0.13223238	0.077790295	0.420293859	0.063460801	0.439611521	0.524129926	0.133778432	0.472945321	0.133056531	0.08993851	0.148688896	0.498213613	0.233871651	0.140553091	0.172824065	0.281733383	0.318308649	0.28534065	0.524094766	0.590454487	0.232932983	0.162209137	0.179369628	0.533853047	0.375847283	0.33166221	0.28084098	0.352290678	0.226513199	0.326585691	0.307683293	0.373715149	0.436919109	0.904022579	0.919790002
Kohl-Grounhog-KPM-R036	0.623905694	0.664944049	0.32275219	0.63967098	0.540888179	0.329160113	0.429385757	0.375814942	0.756179633	0.679794499	0.542417147	0.437801229	0.152917865	0.469366513	0.443730051	0.446046698	0.413684822	0.441873809	0.4460467	0.443654108	0	0.048621457	0.580905448	0.426817712	0.484613176	0.431731764	0.067326724	0.448690504	0.012052805	0.304183303	0.489800773	0.241795335	0.515880392	0.467861984	0.449639263	0.19226701	0.528400295	0.47841915	0.460388646	0.563821477	0.56963925	0.552977183	0.254007986	0.357967788	0.521971217	0.468388633	0.46969504	0.258405489	0.599724735	0.598999117	0.570736412	0.598049444	0.474410267	0.593981233	0.576100693	0.621287872	0.66785481	0.942152609	0.949363559
Kohl-Grounhog-KPM-R037	0.633762454	0.673210478	0.350780932	0.64872865	0.555861186	0.35959737	0.449111123	0.40458651	0.760400083	0.690127037	0.553873809	0.455706758	0.194104232	0.452370589	0.427091365	0.429219136	0.432734459	0.425253998	0.429219138	0.42744715	0.048621457	0	0.590344802	0.410282022	0.468554051	0.41490885	0.112674657	0.431917777	0.060088237	0.330940735	0.473911869	0.273351207	0.498564012	0.450893415	0.467310733	0.231540165	0.543648086	0.462920792	0.47806198	0.578068932	0.581653468	0.567184255	0.288389789	0.38756557	0.536414662	0.485550154	0.486773673	0.293925277	0.609387019	0.610854259	0.584767529	0.608720299	0.491712748	0.605735765	0.588460392	0.631375286	0.676029707	0.938912233	0.949513565
Kohl-Grounhog-KPM-R048	0.420522509	0.553801788	0.656105897	0.533057385	0.644290492	0.675474085	0.591079109	0.700624696	0.439849996	0.527691178	0.254510512	0.356267048	0.632602576	0.389224539	0.374738695	0.369925532	0.343877712	0.378915106	0.369925533	0.365777859	0.580905448	0.590344802	0	0.343820456	0.394524528	0.37546509	0.567785378	0.36759827	0.578615552	0.54186345	0.394957931	0.610454457	0.413114225	0.378036403	0.357027258	0.625880427	0.419794961	0.394144478	0.383586158	0.455723272	0.472585062	0.462186275	0.642177898	0.692084921	0.432337443	0.39003743	0.378306489	0.645680371	0.455800279	0.489578901	0.463547167	0.443102842	0.412921061	0.429091092	0.416861509	0.462626801	0.50890231	0.899821458	0.909339456
Kohl-Grounhog-KPM-R049	0.357753615	0.424796263	0.53792275	0.395495804	0.663313643	0.556509107	0.588362063	0.589674705	0.578334621	0.346876134	0.301223199	0.113081445	0.49515091	0.068333867	0.050937024	0.038908682	0.092187006	0.058503618	0.038908685	0.04406293	0.426817712	0.410282022	0.343820456	0	0.094271488	0.048910579	0.401990645	0.035890068	0.422525801	0.511340218	0.097974986	0.475307711	0.101963152	0.049585888	0.110625892	0.482370579	0.197228552	0.104205494	0.14665448	0.246938947	0.29994187	0.263622922	0.50957895	0.577960599	0.23114053	0.158968699	0.140775858	0.519255147	0.352683189	0.312587017	0.258180358	0.326038408	0.189952274	0.297033715	0.280370859	0.350775836	0.417494246	0.902958185	0.919070141
Kohl-Grounhog-KPM-R050	0.407949128	0.441904932	0.583503123	0.441612113	0.696097502	0.603871292	0.626165704	0.593756921	0.587252094	0.372353293	0.351605243	0.147239013	0.54972936	0.10449561	0.087405968	0.087549844	0.138541439	0.105339927	0.087549847	0.13223238	0.484613176	0.468554051	0.394524528	0.094271488	0	0.089433517	0.46368401	0.080964217	0.480987326	0.439473579	0.020045459	0.501868405	0.185540033	0.090441205	0.156113514	0.539042746	0.268467233	0.177163147	0.221103774	0.315159816	0.355909595	0.328456606	0.560184485	0.624555031	0.295356447	0.231669287	0.215162001	0.570547858	0.399353881	0.370993555	0.325590423	0.378532072	0.260964249	0.355671551	0.340223815	0.402110331	0.461956435	0.905930056	0.921688326
Kohl-Grounhog-KPM-R051	0.386415947	0.41202306	0.557458394	0.411698035	0.680158722	0.577440503	0.605677311	0.610993561	0.580226697	0.346276789	0.317008446	0.108320558	0.516222507	0.048823418	0.024845704	0.018747704	0.073336472	0.018914166	0.018747707	0.077790295	0.431731764	0.41490885	0.37546509	0.048910579	0.089433517	0	0.423142914	0.023712397	0.427413646	0.499049474	0.100544936	0.467070431	0.142214358	0.043593847	0.113576806	0.503915744	0.23692321	0.140590249	0.166599217	0.286328951	0.317553814	0.283327175	0.530517759	0.599225914	0.249906083	0.178683673	0.180657838	0.540802785	0.381529667	0.331304186	0.27858843	0.357922236	0.229299628	0.331990204	0.312577381	0.379933939	0.444209762	0.906476919	0.922074815
Kohl-Grounhog-KPM-R052	0.610080902	0.653393592	0.281910499	0.627000446	0.51955031	0.284351117	0.401136861	0.333378706	0.750387325	0.665082417	0.526394664	0.412333027	0.169018151	0.446292232	0.435690045	0.421882561	0.386545724	0.433774065	0.421882563	0.420293859	0.067326724	0.112674657	0.567785378	0.401990645	0.46368401	0.423142914	0	0.42476145	0.055948252	0.265484864	0.469373479	0.195786654	0.494975393	0.44474131	0.424487625	0.133959329	0.506686127	0.457940898	0.435193793	0.543514975	0.552717144	0.532772952	0.203297787	0.314312313	0.501511038	0.443952208	0.445381317	0.205769982	0.58624154	0.582232641	0.550737135	0.58307028	0.44973369	0.577382369	0.558638303	0.607124619	0.656433913	0.94190461	0.949164578
Kohl-Grounhog-KPM-R053	0.380027159	0.413288755	0.55857057	0.410522954	0.68083316	0.575849577	0.606546125	0.612047996	0.577825763	0.34144456	0.318473604	0.097568074	0.517546299	0.041648715	0.038025646	0.009208039	0.063961193	0.029977487	0.009208042	0.063460801	0.448690504	0.431917777	0.36759827	0.035890068	0.080964217	0.023712397	0.42476145	0	0.444554129	0.500270529	0.086705248	0.459811691	0.127879126	0.036398876	0.098707814	0.505307648	0.232068215	0.136101453	0.168942311	0.28153193	0.319187305	0.285262427	0.531790219	0.600312336	0.251850375	0.180959403	0.175756341	0.542080676	0.378042124	0.33299989	0.280608495	0.354060622	0.22448371	0.327748116	0.308284201	0.376080578	0.440709049	0.90607251	0.921707608
Kohl-Grounhog-KPM-R054	0.621503285	0.662933201	0.315785636	0.63746635	0.537208676	0.321555444	0.42452616	0.368619633	0.755162533	0.677256482	0.539628959	0.433405407	0.142583592	0.465378148	0.439578699	0.441870406	0.409004257	0.437709013	0.441870407	0.439611521	0.012052805	0.060088237	0.578615552	0.422525801	0.480987326	0.427413646	0.055948252	0.444554129	0	0.29755803	0.486260264	0.23394973	0.512266117	0.463865487	0.445299452	0.182412791	0.524654622	0.474867618	0.456044782	0.560320043	0.566704596	0.549489638	0.245409713	0.350565803	0.51843278	0.464173117	0.465500299	0.249501532	0.597375933	0.5960972	0.567288045	0.595447486	0.470156632	0.591106206	0.573076849	0.618827901	0.665866378	0.942108368	0.949328052
Kohl-Grounhog-KPM-R055	0.67814694	0.690535476	0.449266721	0.690377706	0.617064286	0.465376455	0.523663497	0.443693272	0.706601887	0.711268448	0.601991437	0.492391682	0.388567371	0.519097317	0.508766078	0.498099276	0.47167871	0.507086311	0.498099277	0.524129926	0.304183303	0.330940735	0.54186345	0.511340218	0.439473579	0.499049474	0.265484864	0.500270529	0.29755803	0	0.431403404	0.336045936	0.587844988	0.517692649	0.503480676	0.368692924	0.605449737	0.553077129	0.546458308	0.637379029	0.632731935	0.625977781	0.404281333	0.491440516	0.595105775	0.552391062	0.553361884	0.413096836	0.65214874	0.662324019	0.645996648	0.655483368	0.559202537	0.656632019	0.641079037	0.676607338	0.714993031	0.945223393	0.952097613
Kohl-Grounhog-KPM-R056	0.415657974	0.448840032	0.589484794	0.448554447	0.699801381	0.609912337	0.630913713	0.600204014	0.590912013	0.382542568	0.359636339	0.159211842	0.554106972	0.117212105	0.100255197	0.091393662	0.141856168	0.108926405	0.091393664	0.133778432	0.489800773	0.473911869	0.394957931	0.097974986	0.020045459	0.100544936	0.469373479	0.086705248	0.486260264	0.431403404	0	0.501407529	0.189975421	0.099855498	0.157517814	0.543673002	0.280102005	0.186003237	0.233514873	0.326051958	0.364749247	0.338765731	0.566959442	0.630339336	0.305771269	0.243748574	0.22759856	0.577326587	0.406596295	0.380103016	0.336296611	0.386736013	0.272610471	0.364905567	0.349726961	0.410015766	0.468555854	0.906088906	0.921809002
Kohl-Grounhog-KPM-R057	0.656943466	0.672801317	0.407457535	0.670645096	0.593946153	0.416904964	0.444372246	0.464850167	0.74627375	0.693614329	0.570030684	0.458804618	0.33208219	0.491140761	0.480665901	0.457309111	0.426741486	0.449785059	0.457309113	0.472945321	0.241795335	0.273351207	0.610454457	0.475307711	0.501868405	0.467070431	0.195786654	0.459811691	0.23394973	0.336045936	0.501407529	0	0.559227191	0.486885468	0.464254985	0.308394419	0.58182867	0.527517149	0.518964945	0.61545406	0.613658975	0.603954299	0.354162458	0.448644374	0.556204055	0.507784605	0.52672371	0.361878205	0.63646635	0.643785143	0.624620202	0.638444788	0.532349242	0.638159763	0.621636591	0.660561709	0.679022939	0.944885515	0.951826529
Kohl-Grounhog-KPM-R058	0.432887297	0.492613686	0.61841164	0.464621611	0.730776927	0.642341264	0.658909169	0.676413576	0.622349107	0.428800158	0.370151105	0.207282929	0.465641374	0.139500606	0.145167417	0.132823179	0.186125149	0.150450301	0.132823182	0.133056531	0.515880392	0.498564012	0.413114225	0.101963152	0.185540033	0.142214358	0.494975393	0.127879126	0.512266117	0.587844988	0.189975421	0.559227191	0	0.132463489	0.193519264	0.450980726	0.294217304	0.195506984	0.237090271	0.343677272	0.376830202	0.350372668	0.59639357	0.664718845	0.31445468	0.248087735	0.237663156	0.608375482	0.424295895	0.394019697	0.333093956	0.404975717	0.286019805	0.383322386	0.364260313	0.415435702	0.487874298	0.910831801	0.927336801
Kohl-Grounhog-KPM-R059	0.392109703	0.4286048	0.576587935	0.428289373	0.696042845	0.597815602	0.622379036	0.631535279	0.567406853	0.31433422	0.333662305	0.10766399	0.537124372	0.020123329	0.04377214	0.041474448	0.096010531	0.061465995	0.04147445	0.08993851	0.467861984	0.450893415	0.378036403	0.049585888	0.090441205	0.043593847	0.44474131	0.036398876	0.463865487	0.517692649	0.099855498	0.486885468	0.132463489	0	0.07251015	0.525370298	0.239345434	0.141969657	0.188699315	0.289209858	0.336136758	0.304352603	0.551196089	0.619789583	0.270142721	0.200442629	0.182550098	0.562016897	0.384326193	0.350970452	0.284862043	0.360823067	0.231627673	0.334943201	0.318440036	0.373582982	0.449869855	0.90634968	0.923060467
Kohl-Grounhog-KPM-R060	0.373765922	0.412621235	0.564632601	0.412284242	0.690679288	0.586069806	0.61380078	0.621338831	0.55348966	0.270626932	0.314020521	0.069558297	0.52206059	0.091887634	0.113152028	0.103773042	0.048282959	0.122427897	0.103773044	0.148688896	0.449639263	0.467310733	0.357027258	0.110625892	0.156113514	0.113576806	0.424487625	0.098707814	0.445299452	0.503480676	0.157517814	0.464254985	0.193519264	0.07251015	0	0.50929504	0.208447032	0.203659915	0.155105095	0.260895616	0.314227506	0.277910837	0.536986017	0.609005204	0.243181444	0.167960137	0.148850664	0.547962545	0.367183885	0.328388389	0.256109433	0.340881953	0.200656774	0.311888219	0.294489588	0.353990994	0.434938203	0.912670062	0.923450026
Kohl-Grounhog-KPM-R061	0.678295439	0.717366622	0.393821089	0.692254988	0.605798033	0.408305363	0.493006908	0.45954361	0.794472921	0.750345376	0.59137398	0.496399625	0.046452574	0.526987584	0.514982264	0.502831867	0.472442974	0.513058296	0.502831869	0.498213613	0.19226701	0.231540165	0.625880427	0.482370579	0.539042746	0.503915744	0.133959329	0.505307648	0.182412791	0.368692924	0.543673002	0.308394419	0.450980726	0.525370298	0.50929504	0	0.59213075	0.530800419	0.521839254	0.629909439	0.62568588	0.616647019	0.329444579	0.440494189	0.580938461	0.529254064	0.530463937	0.337482598	0.648751488	0.659823674	0.637195161	0.652226302	0.53686076	0.653248395	0.635084529	0.676526123	0.720243703	0.94986036	0.956456879
Kohl-Grounhog-KPM-R068	0.252655119	0.338592673	0.54816676	0.302531297	0.606085248	0.456078406	0.592759637	0.49550036	0.578804401	0.186348564	0.35937415	0.174977006	0.602818984	0.24960363	0.230207496	0.235274285	0.189075008	0.250835139	0.235274287	0.233871651	0.528400295	0.543648086	0.419794961	0.197228552	0.268467233	0.23692321	0.506686127	0.232068215	0.524654622	0.605449737	0.280102005	0.58182867	0.294217304	0.239345434	0.208447032	0.59213075	0	0.269188418	0.084343967	0.061769022	0.281172796	0.095400432	0.50348893	0.481087872	0.173137086	0.099560859	0.073554065	0.514615275	0.339209214	0.183192132	0.080970126	0.295361857	0.130801446	0.146266882	0.129160329	0.228546422	0.329659744	0.921425523	0.930197858
Kohl-Grounhog-KPM-R069	0.383549962	0.445023	0.553813354	0.417851199	0.687562752	0.596327441	0.619238193	0.626883053	0.598836222	0.404976169	0.351369309	0.194919545	0.541325457	0.154935917	0.138323937	0.138912463	0.187121314	0.154773555	0.138912465	0.140553091	0.47841915	0.462920792	0.394144478	0.104205494	0.177163147	0.140590249	0.457940898	0.136101453	0.474867618	0.553077129	0.186003237	0.527517149	0.195506984	0.141969657	0.203659915	0.530800419	0.269188418	0	0.226640857	0.314329935	0.33098155	0.330168174	0.554046817	0.616234064	0.298082883	0.23676848	0.217644908	0.563901692	0.374587616	0.246879363	0.327459321	0.376088687	0.261925939	0.353707745	0.341458134	0.401439588	0.438239412	0.893036635	0.910018542
Kohl-Grounhog-KPM-R070	0.298387225	0.364667298	0.568564633	0.330610553	0.621679105	0.48439284	0.534881837	0.52209842	0.551988272	0.257619777	0.303566541	0.121348359	0.534540902	0.186393204	0.180285908	0.164774636	0.113611732	0.181989035	0.164774638	0.172824065	0.460388646	0.47806198	0.383586158	0.14665448	0.221103774	0.166599217	0.435193793	0.168942311	0.456044782	0.546458308	0.233514873	0.518964945	0.237090271	0.188699315	0.155105095	0.521839254	0.084343967	0.226640857	0	0.141834528	0.311972257	0.14288268	0.428820044	0.50844842	0.212308697	0.016868695	0.019616729	0.539285257	0.300738236	0.222729224	0.131293604	0.252228113	0.077235253	0.211516617	0.188294497	0.276716432	0.368659865	0.916571932	0.92555398
Kohl-Grounhog-KPM-R071	0.279081342	0.363945182	0.559588301	0.328035808	0.617398211	0.496110786	0.623892079	0.463840657	0.594131536	0.158086362	0.399596612	0.227636922	0.639712635	0.299257301	0.279342137	0.284786786	0.241578702	0.299340146	0.284786788	0.281733383	0.563821477	0.578068932	0.455723272	0.246938947	0.315159816	0.286328951	0.543514975	0.28153193	0.560320043	0.637379029	0.326051958	0.61545406	0.343677272	0.289209858	0.260895616	0.629909439	0.061769022	0.314329935	0.141834528	0	0.263347082	0.094114584	0.514713598	0.471843612	0.201670747	0.15609601	0.130779725	0.485378738	0.380025615	0.158453596	0.04739093	0.278743657	0.13067207	0.167733153	0.183221057	0.276984803	0.315024512	0.926346604	0.931642209
Kohl-Grounhog-KPM-R072	0.294735231	0.356998176	0.454541678	0.32501222	0.685225068	0.607497231	0.689633848	0.588190402	0.645261854	0.362528895	0.418609633	0.295615594	0.63409476	0.331670315	0.327114911	0.313387773	0.280975492	0.328307945	0.313387775	0.318308649	0.56963925	0.581653468	0.472585062	0.29994187	0.355909595	0.317553814	0.552717144	0.319187305	0.566704596	0.632731935	0.364749247	0.613658975	0.376830202	0.336136758	0.314227506	0.62568588	0.281172796	0.33098155	0.311972257	0.263347082	0	0.298857006	0.618877505	0.592928037	0.271235624	0.321044945	0.322529393	0.517469651	0.452924259	0.279708019	0.25540811	0.416207537	0.341810979	0.345268274	0.349946046	0.411989518	0.363802198	0.903079692	0.90967366
Kohl-Grounhog-KPM-R082	0.290782925	0.359386288	0.548760991	0.324264264	0.565078137	0.426394976	0.613053845	0.496281236	0.597867471	0.238624944	0.394634788	0.246037157	0.626512903	0.302453704	0.294637651	0.28182048	0.23967764	0.29604612	0.281820482	0.28534065	0.552977183	0.567184255	0.462186275	0.263622922	0.328456606	0.283327175	0.532772952	0.285262427	0.549489638	0.625977781	0.338765731	0.603954299	0.350372668	0.304352603	0.277910837	0.616647019	0.095400432	0.330168174	0.14288268	0.094114584	0.298857006	0	0.475022913	0.412237361	0.128611099	0.156687781	0.158938761	0.515338141	0.392256381	0.204480219	0.106623232	0.332065365	0.151147282	0.185472898	0.200124496	0.288930309	0.358383768	0.9254438	0.93208264
Kohl-Grounhog-KPM-R083	0.60543192	0.650598199	0.387498942	0.623180299	0.466072032	0.226822922	0.392775939	0.270120169	0.742591742	0.644245166	0.597097288	0.505993933	0.355067191	0.549966431	0.53795423	0.529527062	0.501810641	0.538880215	0.529527063	0.524094766	0.254007986	0.288389789	0.642177898	0.50957895	0.560184485	0.530517759	0.203297787	0.531790219	0.245409713	0.404281333	0.566959442	0.354162458	0.59639357	0.551196089	0.536986017	0.329444579	0.50348893	0.554046817	0.428820044	0.514713598	0.618877505	0.475022913	0	0.208365211	0.53906119	0.43805876	0.439565051	0.309462837	0.595509498	0.570485122	0.525779712	0.562275212	0.407336142	0.548347577	0.557787015	0.608039939	0.649738759	0.950811108	0.955386047
Kohl-Grounhog-KPM-R084	0.593584899	0.641907294	0.349012408	0.612839517	0.40077277	0.090851452	0.47742266	0.168626161	0.782647533	0.613293189	0.653286446	0.57828733	0.4618792	0.618747682	0.605575141	0.598380057	0.574715574	0.606365739	0.598380058	0.590454487	0.357967788	0.38756557	0.692084921	0.577960599	0.624555031	0.599225914	0.314312313	0.600312336	0.350565803	0.491440516	0.630339336	0.448644374	0.664718845	0.619789583	0.609005204	0.440494189	0.481087872	0.616234064	0.50844842	0.471843612	0.592928037	0.412237361	0.208365211	0	0.48301549	0.516400724	0.517697271	0.219291467	0.651919899	0.537240101	0.483956943	0.612471789	0.496296222	0.537398424	0.54141451	0.596167037	0.627941814	0.957800864	0.960773607
Kohl-Grounhog-KPM-R085	0.320865743	0.382878699	0.522802312	0.350686829	0.604565509	0.487377741	0.642870066	0.554580602	0.613827728	0.309271401	0.347459804	0.212524128	0.591165519	0.268230601	0.261275372	0.248392643	0.206164502	0.242476392	0.248392645	0.232932983	0.521971217	0.536414662	0.432337443	0.23114053	0.295356447	0.249906083	0.501511038	0.251850375	0.51843278	0.595105775	0.305771269	0.556204055	0.31445468	0.270142721	0.243181444	0.580938461	0.173137086	0.298082883	0.212308697	0.201670747	0.271235624	0.128611099	0.53906119	0.48301549	0	0.201179701	0.225650423	0.488204169	0.415740549	0.2578787	0.192457271	0.378690505	0.252302626	0.26026484	0.260097745	0.3360015	0.390878683	0.919177108	0.926648585
Kohl-Grounhog-KPM-R098	0.299527894	0.367947862	0.574554634	0.334288705	0.626292907	0.492629911	0.540837684	0.529829161	0.554059007	0.265985186	0.2944127	0.134770165	0.541569911	0.198202887	0.19197949	0.176911679	0.127269104	0.171170102	0.176911681	0.162209137	0.468388633	0.485550154	0.39003743	0.158968699	0.231669287	0.178683673	0.443952208	0.180959403	0.464173117	0.552391062	0.243748574	0.507784605	0.248087735	0.200442629	0.167960137	0.529254064	0.099560859	0.23676848	0.016868695	0.15609601	0.321044945	0.156687781	0.43805876	0.516400724	0.201179701	0	0.031368155	0.546474136	0.306274086	0.230679105	0.145879613	0.258983822	0.08808824	0.219484896	0.196623966	0.283215483	0.373605049	0.916692465	0.925457332
Kohl-Grounhog-KPM-R099	0.29229105	0.373647885	0.575533896	0.340270257	0.627048688	0.493973208	0.539260189	0.527841764	0.543900654	0.242011067	0.313138033	0.115282837	0.542717383	0.193006535	0.174276113	0.17889436	0.129497835	0.195537449	0.178894363	0.179369628	0.46969504	0.486773673	0.378306489	0.140775858	0.215162001	0.180657838	0.445381317	0.175756341	0.465500299	0.553361884	0.22759856	0.52672371	0.237663156	0.182550098	0.148850664	0.530463937	0.073554065	0.217644908	0.019616729	0.130779725	0.322529393	0.158938761	0.439565051	0.517697271	0.225650423	0.031368155	0	0.544549427	0.286746537	0.228979318	0.148256	0.236540594	0.057753507	0.194189243	0.182034711	0.270581889	0.359888524	0.915530001	0.924594156
Kohl-Grounhog-KPM-R100	0.606528248	0.65296019	0.247631864	0.624762992	0.500297998	0.271175475	0.507887348	0.194897353	0.793370259	0.623057291	0.606920122	0.516137921	0.363870545	0.560784649	0.548268366	0.539807731	0.511923655	0.549197531	0.539807732	0.533853047	0.258405489	0.293925277	0.645680371	0.519255147	0.570547858	0.540802785	0.205769982	0.542080676	0.249501532	0.413096836	0.577326587	0.361878205	0.608375482	0.562016897	0.547962545	0.337482598	0.514615275	0.563901692	0.539285257	0.485378738	0.517469651	0.515338141	0.309462837	0.219291467	0.488204169	0.546474136	0.544549427	0	0.659803178	0.531909544	0.497160217	0.617335528	0.525042616	0.562557899	0.569141397	0.619519211	0.62277457	0.952951287	0.955909417
Kohl-Grounhog-KPM-R101	0.426648928	0.485216268	0.652418312	0.460778659	0.672225173	0.633525012	0.647190891	0.659441793	0.58931169	0.459361768	0.455411353	0.34314345	0.655533046	0.391498796	0.375930618	0.380535124	0.353109466	0.389964499	0.380535125	0.375847283	0.599724735	0.609387019	0.455800279	0.352683189	0.399353881	0.381529667	0.58624154	0.378042124	0.597375933	0.65214874	0.406596295	0.63646635	0.424295895	0.384326193	0.367183885	0.648751488	0.339209214	0.374587616	0.300738236	0.380025615	0.452924259	0.392256381	0.595509498	0.651919899	0.415740549	0.306274086	0.286746537	0.659803178	0	0.398089394	0.391684296	0.143467684	0.32661076	0.263680143	0.254033067	0.173930235	0.35717153	0.882315079	0.893106425
Kohl-Grounhog-KPM-R102	0.304518893	0.372337112	0.569307475	0.338905221	0.652928751	0.555976382	0.656120329	0.527860155	0.619653338	0.268035779	0.427708464	0.298738835	0.6679382	0.349307102	0.341222564	0.329984378	0.293205653	0.342459018	0.32998438	0.33166221	0.598999117	0.610854259	0.489578901	0.312587017	0.370993555	0.331304186	0.582232641	0.33299989	0.5960972	0.662324019	0.380103016	0.643785143	0.394019697	0.350970452	0.328388389	0.659823674	0.183192132	0.246879363	0.222729224	0.158453596	0.279708019	0.204480219	0.570485122	0.537240101	0.2578787	0.230679105	0.228979318	0.531909544	0.398089394	0	0.148290357	0.347508661	0.24984248	0.258146551	0.267483006	0.34423345	0.333939705	0.915311066	0.92110094
Kohl-Grounhog-KPM-R103	0.286511819	0.357677278	0.56957032	0.32133149	0.626001885	0.507629939	0.632342206	0.476150733	0.594513671	0.156082822	0.394136659	0.239585259	0.646812251	0.282818944	0.290388809	0.277015442	0.232918525	0.291857327	0.277015444	0.28084098	0.570736412	0.584767529	0.463547167	0.258180358	0.325590423	0.27858843	0.550737135	0.280608495	0.567288045	0.645996648	0.336296611	0.624620202	0.333093956	0.284862043	0.256109433	0.637195161	0.080970126	0.327459321	0.131293604	0.04739093	0.25540811	0.106623232	0.525779712	0.483956943	0.192457271	0.145879613	0.148256	0.497160217	0.391684296	0.148290357	0	0.29268845	0.170775746	0.184306161	0.187677534	0.269266014	0.322083951	0.926363511	0.932345731
Kohl-Grounhog-KPM-R104	0.417386573	0.483545834	0.661897325	0.457060006	0.653469516	0.625698343	0.641980599	0.605610041	0.569517396	0.371040545	0.442685667	0.314206825	0.659639438	0.368801927	0.35186842	0.356785621	0.325296501	0.36754723	0.356785622	0.352290678	0.598049444	0.608720299	0.443102842	0.326038408	0.378532072	0.357922236	0.58307028	0.354060622	0.595447486	0.655483368	0.386736013	0.638444788	0.404975717	0.360823067	0.340881953	0.652226302	0.295361857	0.376088687	0.252228113	0.278743657	0.416207537	0.332065365	0.562275212	0.612471789	0.378690505	0.258983822	0.236540594	0.617335528	0.143467684	0.347508661	0.29268845	0	0.255435416	0.183851692	0.19675925	0.106812128	0.306416968	0.898992971	0.905679672
Kohl-Grounhog-KPM-R109	0.316694614	0.396689637	0.559464741	0.363606503	0.614700009	0.499663656	0.544706406	0.506844544	0.557410783	0.265760746	0.352171279	0.167507272	0.54922994	0.241816499	0.222691205	0.227650688	0.181479545	0.243214482	0.22765069	0.226513199	0.474410267	0.491712748	0.412921061	0.189952274	0.260964249	0.229299628	0.44973369	0.22448371	0.470156632	0.559202537	0.272610471	0.532349242	0.286019805	0.231627673	0.200656774	0.53686076	0.130801446	0.261925939	0.077235253	0.13067207	0.341810979	0.151147282	0.407336142	0.496296222	0.252302626	0.08808824	0.057753507	0.525042616	0.32661076	0.24984248	0.170775746	0.255435416	0	0.207242158	0.23208436	0.315262325	0.378109248	0.919980973	0.927083731
Kohl-Grounhog-KPM-R110	0.318223576	0.397724666	0.59050605	0.365984111	0.586930686	0.539325095	0.642004198	0.547167678	0.565400667	0.274235693	0.427583594	0.282529028	0.661340169	0.343752253	0.325513228	0.330699411	0.294772086	0.342904072	0.330699413	0.326585691	0.593981233	0.605735765	0.429091092	0.297033715	0.355671551	0.331990204	0.577382369	0.327748116	0.591106206	0.656632019	0.364905567	0.638159763	0.383322386	0.334943201	0.311888219	0.653248395	0.146266882	0.353707745	0.211516617	0.167733153	0.345268274	0.185472898	0.548347577	0.537398424	0.26026484	0.219484896	0.194189243	0.562557899	0.263680143	0.258146551	0.184306161	0.183851692	0.207242158	0	0.03489487	0.143236659	0.223375238	0.912798769	0.919888993
