	Kohl-LQ-Groundhog-KPM-G002	Kohl-LQ-Groundhog-KPM-G003	Kohl-LQ-Groundhog-KPM-G004	Kohl-LQ-Groundhog-KPM-G005	Kohl-LQ-Groundhog-KPM-G006	Kohl-LQ-Groundhog-KPM-G007	Kohl-LQ-Groundhog-KPM-G008	Kohl-LQ-Groundhog-KPM-G009	Kohl-LQ-Groundhog-KPM-G010	Kohl-LQ-Groundhog-KPM-G011	Kohl-LQ-Groundhog-KPM-G021	Kohl-LQ-Groundhog-KPM-G022	Kohl-LQ-Groundhog-KPM-G023	Kohl-LQ-Groundhog-KPM-G025	Kohl-LQ-Groundhog-KPM-G026	Kohl-LQ-Groundhog-KPM-G027	Kohl-LQ-Groundhog-KPM-G028	Kohl-LQ-Groundhog-KPM-G029	Kohl-LQ-Groundhog-KPM-G039	Kohl-LQ-Groundhog-KPM-G040	Kohl-LQ-Groundhog-KPM-G041	Kohl-LQ-Groundhog-KPM-G042	Kohl-LQ-Groundhog-KPM-G043	Kohl-LQ-Groundhog-KPM-G044	Kohl-LQ-Groundhog-KPM-G045	Kohl-LQ-Groundhog-KPM-G046	Kohl-LQ-Groundhog-KPM-G047	Kohl-LQ-Groundhog-KPM-G057	Kohl-LQ-Groundhog-KPM-G058	Kohl-LQ-Groundhog-KPM-G059	Kohl-LQ-Groundhog-KPM-G060	Kohl-LQ-Groundhog-KPM-G061	Kohl-LQ-Groundhog-KPM-G062	Kohl-LQ-Groundhog-KPM-G063	Kohl-LQ-Groundhog-KPM-G064	Kohl-LQ-Groundhog-KPM-G065	Kohl-LQ-Groundhog-KPM-G075	Kohl-LQ-Groundhog-KPM-G076	Kohl-LQ-Groundhog-KPM-G077	Kohl-LQ-Groundhog-KPM-G078	Kohl-LQ-Groundhog-KPM-G079	Kohl-LQ-Groundhog-KPM-G080	Kohl-LQ-Groundhog-KPM-G081	Kohl-LQ-Groundhog-KPM-G082	Kohl-LQ-Groundhog-KPM-G083	Kohl-LQ-Groundhog-KPM-G093	Kohl-LQ-Groundhog-KPM-G094	Kohl-LQ-Groundhog-KPM-G095	Kohl-LQ-Groundhog-KPM-G096	Kohl-LQ-Groundhog-KPM-G097	Kohl-LQ-Groundhog-KPM-G098	Kohl-LQ-Groundhog-KPM-G099	Kohl-LQ-Groundhog-KPM-G100	Kohl-LQ-Groundhog-KPM-G101
Kohl-LQ-Groundhog-KPM-G002	0	0.175138927	0.355534159	0.357721778	0.362289664	0.379370366	0.370762678	0.475975974	0.3756464	0.38233889	0.318718833	0.366441847	0.348130023	0.384005531	0.350015961	0.369458714	0.368969146	0.37266281	0.361155348	0.360010949	0.350337708	0.366747777	0.443437738	0.362351704	0.38185279	0.386985208	0.37313816	0.390220155	0.34590259	0.34050986	0.171504464	0.168427347	0.372982979	0.383742061	0.388436756	0.167549427	0.373105075	0.366904627	0.333961659	0.374932963	0.395499075	0.358994295	0.17553158	0.17652734	0.177754608	0.350744827	0.384767447	0.3903519	0.373299791	0.387883936	0.359637487	0.181329637	0.18950662	0.189536971
Kohl-LQ-Groundhog-KPM-G003	0.175138927	0	0.349147585	0.337817369	0.354621323	0.356370137	0.347223205	0.454112344	0.354270424	0.359941577	0.313653405	0.347825356	0.339923531	0.35084878	0.33171345	0.346078114	0.344561311	0.355191449	0.353390318	0.340702136	0.343166235	0.343218075	0.454921255	0.340271282	0.358315807	0.353857085	0.351431092	0.366734706	0.337252653	0.335186807	0.120621767	0.083839942	0.349970488	0.361357073	0.35492203	0.063165944	0.353829947	0.344790297	0.330987869	0.353280579	0.362658159	0.337118727	0.102121413	0.07062618	0.053280535	0.331679634	0.351885495	0.366810515	0.352797511	0.365876451	0.34938922	0.11530779	0.093085999	0.091617559
Kohl-LQ-Groundhog-KPM-G004	0.355534159	0.349147585	0	0.105035307	0.067936415	0.126431681	0.133414127	0.263856078	0.106668712	0.078736034	0.134348431	0.055343245	0.154988936	0.255242185	0.088282894	0.128599939	0.153960825	0.140427421	0.081845278	0.113418065	0.08623765	0.122016377	0.425604811	0.080361795	0.104084831	0.221949649	0.10481825	0.083948295	0.115099679	0.093967913	0.346684473	0.353615089	0.133863278	0.108601217	0.25586884	0.350854835	0.130872226	0.127058036	0.095074677	0.12963582	0.225095373	0.100198316	0.348819786	0.354717807	0.347791337	0.09828386	0.244658204	0.085187708	0.132622556	0.072499299	0.133355162	0.353234056	0.319398647	0.303271602
Kohl-LQ-Groundhog-KPM-G005	0.357721778	0.337817369	0.105035307	0	0.116845511	0.065632471	0.085114239	0.2545304	0.129370283	0.093155148	0.16258017	0.089994763	0.181364483	0.208235645	0.066172653	0.070749147	0.061268626	0.068117737	0.115535169	0.012000626	0.131851329	0.073769231	0.396656398	0.107819121	0.093479749	0.20769743	0.107777809	0.105126784	0.074889106	0.142918319	0.339132441	0.343827935	0.057725138	0.085927961	0.208696304	0.340188061	0.038428288	0.078826185	0.098836812	0.046042047	0.217086619	0.120836848	0.34107737	0.34776849	0.336514914	0.07288844	0.210556005	0.107679802	0.047227971	0.107566766	0.16577404	0.348526893	0.311629537	0.289590605
Kohl-LQ-Groundhog-KPM-G006	0.362289664	0.354621323	0.067936415	0.116845511	0	0.120748207	0.119659216	0.320385062	0.163074541	0.068477979	0.156494135	0.091340791	0.197174666	0.211172097	0.121718596	0.104478461	0.120933546	0.111177519	0.058976644	0.111171072	0.054360416	0.103066016	0.417236963	0.131647038	0.094735751	0.178080519	0.103743061	0.053347609	0.092897855	0.128001043	0.355172552	0.359229419	0.108823858	0.101450258	0.212354868	0.355229565	0.120935286	0.101989717	0.125410124	0.119926263	0.181777089	0.126558871	0.357448279	0.364313587	0.3519888	0.115840162	0.201387731	0.053460509	0.119439855	0.053896719	0.090583859	0.365287572	0.327320783	0.300616238
Kohl-LQ-Groundhog-KPM-G007	0.379370366	0.356370137	0.126431681	0.065632471	0.120748207	0	0.051627376	0.266935108	0.114181114	0.055466858	0.177211777	0.083541304	0.19029842	0.216123251	0.10484993	0.07246581	0.092567181	0.086150538	0.094542322	0.062398119	0.125895095	0.079099526	0.396169805	0.125989923	0.037246406	0.200886841	0.070284662	0.091390238	0.110025866	0.158217024	0.359923742	0.363933344	0.071494943	0.029565342	0.214069519	0.358541499	0.063369732	0.081863999	0.123044418	0.069590935	0.210553259	0.148589859	0.362259729	0.368268041	0.356057895	0.104982424	0.206392077	0.097187185	0.074387133	0.089577403	0.148414689	0.369439411	0.329146489	0.303007489
Kohl-LQ-Groundhog-KPM-G008	0.370762678	0.347223205	0.133414127	0.085114239	0.119659216	0.051627376	0	0.266083845	0.128692487	0.05582827	0.181276332	0.083974494	0.197788309	0.169752354	0.090697979	0.056877706	0.111918326	0.115101531	0.111092457	0.079951515	0.130537013	0.041227806	0.389706177	0.113117513	0.044002114	0.165162743	0.07853221	0.085992264	0.14424895	0.184948943	0.35078045	0.354790052	0.093461023	0.051868675	0.164983042	0.349410413	0.082827173	0.050173237	0.161914362	0.09332122	0.183712183	0.124693108	0.353128642	0.359124749	0.346926809	0.095597392	0.174815351	0.095317901	0.094877567	0.088732336	0.150965126	0.360308325	0.323069498	0.301040359
Kohl-LQ-Groundhog-KPM-G009	0.475975974	0.454112344	0.263856078	0.2545304	0.320385062	0.266935108	0.266083845	0	0.174896946	0.276213083	0.249263981	0.243806143	0.195312817	0.410233178	0.245518762	0.291171964	0.311892775	0.319985808	0.310147987	0.264841249	0.311515324	0.27939386	0.527405459	0.210406011	0.270379596	0.411426406	0.274712098	0.302732742	0.318647166	0.255719198	0.434596391	0.449965554	0.29688661	0.274233775	0.409928104	0.458837877	0.287538831	0.29184443	0.279824745	0.297759661	0.42045691	0.230014735	0.438800585	0.447648578	0.45803647	0.262329582	0.413683303	0.307624521	0.299159061	0.296351682	0.351133818	0.43745521	0.413525323	0.419326815
Kohl-LQ-Groundhog-KPM-G010	0.3756464	0.354270424	0.106668712	0.129370283	0.163074541	0.114181114	0.128692487	0.174896946	0	0.105094456	0.130083083	0.078913446	0.096368193	0.287424559	0.121079183	0.160927645	0.188115249	0.185966335	0.151989435	0.140569973	0.153941602	0.151942878	0.436298009	0.065285741	0.099144877	0.253679504	0.103363492	0.146045522	0.168261881	0.101950474	0.338781949	0.350994581	0.166037069	0.102325055	0.287159355	0.359550709	0.163091825	0.161570725	0.138757687	0.16944005	0.263682291	0.0868303	0.341815647	0.34828469	0.358728173	0.129735729	0.277240437	0.151229395	0.173734803	0.134848217	0.194197198	0.343890438	0.310115748	0.312439147
Kohl-LQ-Groundhog-KPM-G011	0.38233889	0.359941577	0.078736034	0.093155148	0.068477979	0.055466858	0.05582827	0.276213083	0.105094456	0	0.175618874	0.037566517	0.189467816	0.216786136	0.116726275	0.094785127	0.124292893	0.121662489	0.069704945	0.089543496	0.079393792	0.086196393	0.406163929	0.107742255	0.030107535	0.183352838	0.046474094	0.046455298	0.127149302	0.152115076	0.36338929	0.367408177	0.102926809	0.035562246	0.216938922	0.362214553	0.099711654	0.094204943	0.151692777	0.105985615	0.187273044	0.129400508	0.365715708	0.371759237	0.359643864	0.119759583	0.206876513	0.053075153	0.110607923	0.039346158	0.115085867	0.372989605	0.331851256	0.306722315
Kohl-LQ-Groundhog-KPM-G021	0.318718833	0.313653405	0.134348431	0.16258017	0.156494135	0.177211777	0.181276332	0.249263981	0.130083083	0.175618874	0	0.140875902	0.076508702	0.268568797	0.129873862	0.175728792	0.188608035	0.185948479	0.15980135	0.168887514	0.14719161	0.17278819	0.414849663	0.111819256	0.17181591	0.249953227	0.163022328	0.181801499	0.153916502	0.106538259	0.306910475	0.315355403	0.181393872	0.1765699	0.268444885	0.313168379	0.195255995	0.175511536	0.114509597	0.194114382	0.259598877	0.11008543	0.310776326	0.317385242	0.309940803	0.128420955	0.258925904	0.183643358	0.194436972	0.189707337	0.166600527	0.313323337	0.274393032	0.263232501
Kohl-LQ-Groundhog-KPM-G022	0.366441847	0.347825356	0.055343245	0.089994763	0.091340791	0.083541304	0.083974494	0.243806143	0.078913446	0.037566517	0.140875902	0	0.154996722	0.237777173	0.08678223	0.118414893	0.150104012	0.147475797	0.09255164	0.099787565	0.094003466	0.109957643	0.412849683	0.078036432	0.056636924	0.204197943	0.051681232	0.071570941	0.130334824	0.121664991	0.346035444	0.351974198	0.128098946	0.063897941	0.237528904	0.349199032	0.125553678	0.118292879	0.121541961	0.131756781	0.208063202	0.099609791	0.347939467	0.35467294	0.346242706	0.090276281	0.227966332	0.079642906	0.136448413	0.063103894	0.13436825	0.355107649	0.315572274	0.295620165
Kohl-LQ-Groundhog-KPM-G023	0.348130023	0.339923531	0.154988936	0.181364483	0.197174666	0.19029842	0.197788309	0.195312817	0.096368193	0.189467816	0.076508702	0.154996722	0	0.316333014	0.162975051	0.211888076	0.236582479	0.228091203	0.190578223	0.189905764	0.182895167	0.200967269	0.437198133	0.111231419	0.186453797	0.296983018	0.173291094	0.199398324	0.20098127	0.13650533	0.317509889	0.334243884	0.215421218	0.189966221	0.316867427	0.343343043	0.21202851	0.211994735	0.162622328	0.216718921	0.306331233	0.129464378	0.321970195	0.33197394	0.343095678	0.177133665	0.306837118	0.2000967	0.219943723	0.202248225	0.21459828	0.321137649	0.295212766	0.298728823
Kohl-LQ-Groundhog-KPM-G025	0.384005531	0.35084878	0.255242185	0.208235645	0.211172097	0.216123251	0.169752354	0.410233178	0.287424559	0.216786136	0.268568797	0.237777173	0.316333014	0	0.192935642	0.152800407	0.1754741	0.194740415	0.227156191	0.198943654	0.23776818	0.141225143	0.41609063	0.234666713	0.2053515	0.045442652	0.220601089	0.202819538	0.214238359	0.277126074	0.359480123	0.359460399	0.185078224	0.216638464	0.011467461	0.35239349	0.207070987	0.145936643	0.250726463	0.201899203	0.034695071	0.21502575	0.359463234	0.363638516	0.348186611	0.175335733	0.01384249	0.205302787	0.198808477	0.228504608	0.229243023	0.368378063	0.327028123	0.3116154
Kohl-LQ-Groundhog-KPM-G026	0.350015961	0.33171345	0.088282894	0.066172653	0.121718596	0.10484993	0.090697979	0.245518762	0.121079183	0.116726275	0.129873862	0.08678223	0.162975051	0.192935642	0	0.056436469	0.10742432	0.109882672	0.127655749	0.070764561	0.137143304	0.067659074	0.408694396	0.065832766	0.109372556	0.190261841	0.121513331	0.12153875	0.110174233	0.121733328	0.326022545	0.333647279	0.079822881	0.103391723	0.193835549	0.331507797	0.099341453	0.068864151	0.096384123	0.097277119	0.202937356	0.064638913	0.329570498	0.33549345	0.328369402	0.033694828	0.19323876	0.123464922	0.098178024	0.130642792	0.170990449	0.333987064	0.294420834	0.280382801
Kohl-LQ-Groundhog-KPM-G027	0.369458714	0.346078114	0.128599939	0.070749147	0.104478461	0.07246581	0.056877706	0.291171964	0.160927645	0.094785127	0.175728792	0.118414893	0.211888076	0.152800407	0.056436469	0	0.068012644	0.066364554	0.094018717	0.062107374	0.12359057	0.028133746	0.397442822	0.113269516	0.081021257	0.145289793	0.121237906	0.094239308	0.104822566	0.161701821	0.349635359	0.353644962	0.040236754	0.07794026	0.149373375	0.348265322	0.06868228	0.018681743	0.133344201	0.058115129	0.161033095	0.108474102	0.35198522	0.357979659	0.345781719	0.051257823	0.15275907	0.096700407	0.060018845	0.111765937	0.144660458	0.359163235	0.317839923	0.294441183
Kohl-LQ-Groundhog-KPM-G028	0.368969146	0.344561311	0.153960825	0.061268626	0.120933546	0.092567181	0.111918326	0.311892775	0.188115249	0.124292893	0.188608035	0.150104012	0.236582479	0.1754741	0.10742432	0.068012644	0	0.042786555	0.123169919	0.052393655	0.145408518	0.084549914	0.401774109	0.160200892	0.121987688	0.176361625	0.157717377	0.130882408	0.083997391	0.165211787	0.347860381	0.351725563	0.041813251	0.114070676	0.175369637	0.346497768	0.050263045	0.074949627	0.118767046	0.037799092	0.185825908	0.15189932	0.350245471	0.356222725	0.344010074	0.091380586	0.179400155	0.13060402	0.038534619	0.138784542	0.152472475	0.357396649	0.322896712	0.299713496
Kohl-LQ-Groundhog-KPM-G029	0.37266281	0.355191449	0.140427421	0.068117737	0.111177519	0.086150538	0.115101531	0.319985808	0.185966335	0.121662489	0.185948479	0.147475797	0.228091203	0.194740415	0.109882672	0.066364554	0.042786555	0	0.105414229	0.058579446	0.133590446	0.086408629	0.408059728	0.157371351	0.115120502	0.184170609	0.154998936	0.1239427	0.069380253	0.157855528	0.358872016	0.362426649	0.045081997	0.107162925	0.193137363	0.357367279	0.04054056	0.06924156	0.110854248	0.039197468	0.193433583	0.149529259	0.360686907	0.367153734	0.354750989	0.091970827	0.187591653	0.123948276	0.031056446	0.131598025	0.122264381	0.368670924	0.330888473	0.306177388
Kohl-LQ-Groundhog-KPM-G039	0.361155348	0.353390318	0.081845278	0.115535169	0.058976644	0.094542322	0.111092457	0.310147987	0.151989435	0.069704945	0.15980135	0.09255164	0.190578223	0.227156191	0.127655749	0.094018717	0.123169919	0.105414229	0	0.108412221	0.035178312	0.09907516	0.408484532	0.134810001	0.078940583	0.192172507	0.102549557	0.08390639	0.086267328	0.094172764	0.357218459	0.360837257	0.099265009	0.079559059	0.224616201	0.35529251	0.103228298	0.091632028	0.094198408	0.100341718	0.195781269	0.149043054	0.358689657	0.365052624	0.352705412	0.126984467	0.217221652	0.085479695	0.102241356	0.084710568	0.064305628	0.366845309	0.33136658	0.30537904
Kohl-LQ-Groundhog-KPM-G040	0.360010949	0.340702136	0.113418065	0.012000626	0.111171072	0.062398119	0.079951515	0.264841249	0.140569973	0.089543496	0.168887514	0.099787565	0.189905764	0.198943654	0.070764561	0.062107374	0.052393655	0.058579446	0.108412221	0	0.125670157	0.065266841	0.396338605	0.11620815	0.089327215	0.199148926	0.108024524	0.098450668	0.073764781	0.150459755	0.341410344	0.346233899	0.049780438	0.082679096	0.199027432	0.342517356	0.030180011	0.070324719	0.106278519	0.038296527	0.208543	0.126766788	0.343522062	0.350738845	0.338927205	0.078334134	0.202010433	0.101710893	0.038011636	0.104455913	0.158882365	0.351839334	0.315328637	0.293207185
Kohl-LQ-Groundhog-KPM-G041	0.350337708	0.343166235	0.08623765	0.131851329	0.054360416	0.125895095	0.130537013	0.311515324	0.153941602	0.079393792	0.14719161	0.094003466	0.182895167	0.23776818	0.137143304	0.12359057	0.145408518	0.133590446	0.035178312	0.125670157	0	0.124484753	0.409573376	0.140911065	0.10305077	0.204438254	0.100792755	0.095224272	0.099544645	0.0998319	0.345073999	0.349288939	0.127337455	0.108440095	0.238128868	0.344979381	0.137020853	0.122476919	0.10536214	0.134543911	0.207875225	0.148226279	0.346312287	0.353457023	0.341812488	0.136164579	0.227924449	0.095888552	0.135462947	0.086502132	0.057327941	0.354833589	0.320627581	0.294859979
Kohl-LQ-Groundhog-KPM-G042	0.366747777	0.343218075	0.122016377	0.073769231	0.103066016	0.079099526	0.041227806	0.27939386	0.151942878	0.086196393	0.17278819	0.109957643	0.200967269	0.141225143	0.067659074	0.028133746	0.084549914	0.086408629	0.09907516	0.065266841	0.124484753	0	0.395152674	0.104685245	0.071702839	0.135959431	0.106647311	0.085681852	0.119365983	0.17094085	0.344605632	0.349229325	0.063851042	0.082808086	0.13927847	0.344409962	0.073468724	0.021150873	0.147802087	0.065923982	0.153045444	0.105087783	0.347919144	0.354122204	0.341747869	0.062203847	0.143320611	0.088037969	0.067716338	0.102880117	0.145147846	0.354586215	0.312488343	0.291465493
Kohl-LQ-Groundhog-KPM-G043	0.443437738	0.454921255	0.425604811	0.396656398	0.417236963	0.396169805	0.389706177	0.527405459	0.436298009	0.406163929	0.414849663	0.412849683	0.437198133	0.41609063	0.408694396	0.397442822	0.401774109	0.408059728	0.408484532	0.396338605	0.409573376	0.395152674	0	0.431737325	0.400596459	0.41615734	0.401776276	0.413676408	0.407499998	0.435195437	0.465653553	0.464135054	0.401506078	0.400853908	0.414587976	0.45936336	0.400809959	0.396215023	0.418744351	0.401475234	0.425766622	0.432884189	0.464769264	0.468402776	0.458587051	0.408486873	0.418944113	0.41571391	0.402888456	0.414655047	0.416137566	0.473665507	0.461816257	0.448110567
Kohl-LQ-Groundhog-KPM-G044	0.362351704	0.340271282	0.080361795	0.107819121	0.131647038	0.125989923	0.113117513	0.210406011	0.065285741	0.107742255	0.111819256	0.078036432	0.111231419	0.234666713	0.065832766	0.113269516	0.160200892	0.157371351	0.134810001	0.11620815	0.140911065	0.104685245	0.431737325	0	0.100534155	0.206149739	0.111713342	0.125254261	0.140685335	0.086894586	0.33443275	0.342500083	0.136026417	0.108737396	0.236489014	0.345028721	0.144927443	0.116100333	0.11596783	0.14206685	0.216789204	0.025785987	0.338463637	0.344114227	0.34410492	0.080825581	0.224658945	0.12838502	0.146126947	0.127143275	0.173670664	0.339935306	0.300805082	0.297042937
Kohl-LQ-Groundhog-KPM-G045	0.38185279	0.358315807	0.104084831	0.093479749	0.094735751	0.037246406	0.044002114	0.270379596	0.099144877	0.030107535	0.17181591	0.056636924	0.186453797	0.2053515	0.109372556	0.081021257	0.121987688	0.115120502	0.078940583	0.089327215	0.10305077	0.071702839	0.400596459	0.100534155	0	0.170151458	0.043304159	0.062954641	0.127104533	0.152546779	0.35967843	0.364318171	0.096703604	0.01860895	0.203729676	0.359460026	0.091791382	0.080740788	0.149229059	0.098175251	0.175034848	0.124290251	0.362947835	0.369239549	0.356846049	0.111361383	0.195166386	0.07118977	0.103085893	0.065951377	0.124304801	0.369626084	0.328065301	0.303419674
Kohl-LQ-Groundhog-KPM-G046	0.386985208	0.353857085	0.221949649	0.20769743	0.178080519	0.200886841	0.165162743	0.411426406	0.253679504	0.183352838	0.249953227	0.204197943	0.296983018	0.045442652	0.190261841	0.145289793	0.176361625	0.184170609	0.192172507	0.199148926	0.204438254	0.135959431	0.41615734	0.206149739	0.170151458	0	0.187267994	0.168305659	0.188790759	0.244026499	0.362526675	0.362540593	0.177617746	0.181131336	0.039587073	0.355407898	0.205765988	0.136088565	0.232234125	0.196077874	0.025227164	0.187027478	0.362474704	0.366685944	0.351239266	0.165082075	0.037196874	0.171410217	0.196972204	0.195410876	0.196801588	0.371425236	0.326916562	0.308218149
Kohl-LQ-Groundhog-KPM-G047	0.37313816	0.351431092	0.10481825	0.107777809	0.103743061	0.070284662	0.07853221	0.274712098	0.103363492	0.046474094	0.163022328	0.051681232	0.173291094	0.220601089	0.121513331	0.121237906	0.157717377	0.154998936	0.102549557	0.108024524	0.100792755	0.106647311	0.401776276	0.111713342	0.043304159	0.187267994	0	0.073552715	0.142368699	0.156891213	0.350639022	0.355893293	0.13562377	0.057208162	0.221506826	0.352779274	0.132112681	0.121138707	0.161195585	0.13863424	0.191784404	0.132867672	0.353725731	0.360674522	0.349143567	0.124719885	0.210246393	0.080793761	0.143402452	0.074552817	0.128115256	0.360956337	0.31864023	0.295563929
Kohl-LQ-Groundhog-KPM-G057	0.390220155	0.366734706	0.083948295	0.105126784	0.053347609	0.091390238	0.085992264	0.302732742	0.146045522	0.046455298	0.181801499	0.071570941	0.199398324	0.202819538	0.12153875	0.094239308	0.130882408	0.1239427	0.08390639	0.098450668	0.095224272	0.085681852	0.413676408	0.125254261	0.062954641	0.168305659	0.073552715	0	0.136758215	0.173598542	0.369270691	0.373280294	0.105394708	0.070921035	0.20032245	0.367900654	0.101115884	0.093668932	0.172436803	0.107372656	0.173076059	0.134522181	0.371650699	0.377658448	0.365417051	0.125591993	0.193151943	0.010615969	0.112135174	0.028661229	0.121360083	0.378798567	0.33759056	0.312540716
Kohl-LQ-Groundhog-KPM-G058	0.34590259	0.337252653	0.115099679	0.074889106	0.092897855	0.110025866	0.14424895	0.318647166	0.168261881	0.127149302	0.153916502	0.130334824	0.20098127	0.214238359	0.110174233	0.104822566	0.083997391	0.069380253	0.086267328	0.073764781	0.099544645	0.119365983	0.407499998	0.140685335	0.127104533	0.188790759	0.142368699	0.136758215	0	0.098527945	0.339382781	0.343372086	0.091955655	0.119494955	0.214683418	0.339603	0.081528487	0.108814859	0.057591208	0.085683291	0.197661268	0.1320139	0.340210618	0.347393164	0.33579368	0.096129899	0.204179164	0.137409908	0.080645046	0.132816221	0.102781016	0.348941096	0.313773771	0.288492441
Kohl-LQ-Groundhog-KPM-G059	0.34050986	0.335186807	0.093967913	0.142918319	0.128001043	0.158217024	0.184948943	0.255719198	0.101950474	0.152115076	0.106538259	0.121664991	0.13650533	0.277126074	0.121733328	0.161701821	0.165211787	0.157855528	0.094172764	0.150459755	0.0998319	0.17094085	0.435195437	0.086894586	0.152546779	0.244026499	0.156891213	0.173598542	0.098527945	0	0.332708913	0.339801241	0.16252786	0.148400766	0.277507955	0.340861391	0.167493421	0.164765144	0.050733858	0.164446262	0.24704504	0.087703429	0.334862194	0.340758842	0.339945657	0.114539826	0.266640268	0.174365036	0.167221101	0.163119704	0.114382543	0.337945842	0.305221705	0.299786616
Kohl-LQ-Groundhog-KPM-G060	0.171504464	0.120621767	0.346684473	0.339132441	0.355172552	0.359923742	0.35078045	0.434596391	0.338781949	0.36338929	0.306910475	0.346035444	0.317509889	0.359480123	0.326022545	0.349635359	0.347860381	0.358872016	0.357218459	0.341410344	0.345073999	0.344605632	0.465653553	0.33443275	0.35967843	0.362526675	0.350639022	0.369270691	0.339382781	0.332708913	0	0.077658608	0.353490973	0.364900105	0.36350607	0.09361481	0.357360893	0.348353042	0.328539547	0.358509056	0.371289502	0.330263362	0.042218481	0.082728932	0.11666749	0.326803772	0.360511607	0.368825006	0.356419238	0.370724425	0.353486254	0.047563977	0.119421978	0.131892787
Kohl-LQ-Groundhog-KPM-G061	0.168427347	0.083839942	0.353615089	0.343827935	0.359229419	0.363933344	0.354790052	0.449965554	0.350994581	0.367408177	0.315355403	0.351974198	0.334243884	0.359460399	0.333647279	0.353644962	0.351725563	0.362426649	0.360837257	0.346233899	0.349288939	0.349229325	0.464135054	0.342500083	0.364318171	0.362540593	0.355893293	0.373280294	0.343372086	0.339801241	0.077658608	0	0.357500575	0.368911567	0.363396323	0.052593469	0.360958274	0.352357144	0.335617184	0.361938718	0.371269778	0.338316251	0.065077009	0.042437959	0.071813502	0.33426763	0.360497439	0.372834608	0.360130931	0.374172346	0.356640122	0.070794723	0.093810893	0.103971949
Kohl-LQ-Groundhog-KPM-G062	0.372982979	0.349970488	0.133863278	0.057725138	0.108823858	0.071494943	0.093461023	0.29688661	0.166037069	0.102926809	0.181393872	0.128098946	0.215421218	0.185078224	0.079822881	0.040236754	0.041813251	0.045081997	0.099265009	0.049780438	0.127337455	0.063851042	0.401506078	0.136026417	0.096703604	0.177617746	0.13562377	0.105394708	0.091955655	0.16252786	0.353490973	0.357500575	0	0.082623924	0.183122048	0.352180089	0.047656546	0.052389075	0.123186577	0.035182936	0.187386142	0.139108376	0.355840834	0.361835272	0.349710853	0.081232792	0.181856677	0.104198248	0.036757574	0.117207263	0.150469439	0.363018848	0.323633711	0.297628376
Kohl-LQ-Groundhog-KPM-G063	0.383742061	0.361357073	0.108601217	0.085927961	0.101450258	0.029565342	0.051868675	0.274233775	0.102325055	0.035562246	0.1765699	0.063897941	0.189966221	0.216638464	0.103391723	0.07794026	0.114070676	0.107162925	0.079559059	0.082679096	0.108440095	0.082808086	0.400853908	0.108737396	0.01860895	0.181131336	0.057208162	0.070921035	0.119494955	0.148400766	0.364900105	0.368911567	0.082623924	0	0.213697075	0.363539758	0.083951509	0.085507657	0.141898404	0.08940076	0.188729587	0.133357125	0.367257797	0.373244404	0.361054295	0.11370034	0.206678491	0.077095108	0.095129887	0.070479689	0.130432463	0.37442798	0.333575952	0.307959939
Kohl-LQ-Groundhog-KPM-G064	0.388436756	0.35492203	0.25586884	0.208696304	0.212354868	0.214069519	0.164983042	0.409928104	0.287159355	0.216938922	0.268444885	0.237528904	0.316867427	0.011467461	0.193835549	0.149373375	0.175369637	0.193137363	0.224616201	0.199027432	0.238128868	0.13927847	0.414587976	0.236489014	0.203729676	0.039587073	0.221506826	0.20032245	0.214683418	0.277507955	0.36350607	0.363396323	0.183122048	0.213697075	0	0.356371222	0.204743015	0.141071805	0.250884762	0.198948931	0.036253682	0.216139056	0.363421722	0.367589233	0.352248454	0.174687312	0.021968897	0.20395027	0.197121876	0.228216415	0.230290811	0.372355794	0.332292587	0.316635987
Kohl-LQ-Groundhog-KPM-G065	0.167549427	0.063165944	0.350854835	0.340188061	0.355229565	0.358541499	0.349410413	0.458837877	0.359550709	0.362214553	0.313168379	0.349199032	0.343343043	0.35239349	0.331507797	0.348265322	0.346497768	0.357367279	0.35529251	0.342517356	0.344979381	0.344409962	0.45936336	0.345028721	0.359460026	0.355407898	0.352779274	0.367900654	0.339603	0.340861391	0.09361481	0.052593469	0.352180089	0.363539758	0.356371222	0	0.355881318	0.346977505	0.3326823	0.356169309	0.364208972	0.341888317	0.07771314	0.043981927	0.043430034	0.332016981	0.353430205	0.367954734	0.354863619	0.36900964	0.351547099	0.084780099	0.091057177	0.079105082
Kohl-LQ-Groundhog-KPM-G075	0.373105075	0.353829947	0.130872226	0.038428288	0.120935286	0.063369732	0.082827173	0.287538831	0.163091825	0.099711654	0.195255995	0.125553678	0.21202851	0.207070987	0.099341453	0.06868228	0.050263045	0.04054056	0.103228298	0.030180011	0.137020853	0.073468724	0.400809959	0.144927443	0.091791382	0.205765988	0.132112681	0.101115884	0.081528487	0.167493421	0.357360893	0.360958274	0.047656546	0.083951509	0.204743015	0.355881318	0	0.072694979	0.121613606	0.020372376	0.215517081	0.155603845	0.359157273	0.365707638	0.353211991	0.106963188	0.210082462	0.102311576	0.015260793	0.107719695	0.149223492	0.367280662	0.335152136	0.312520421
Kohl-LQ-Groundhog-KPM-G076	0.366904627	0.344790297	0.127058036	0.078826185	0.101989717	0.081863999	0.050173237	0.29184443	0.161570725	0.094204943	0.175511536	0.118292879	0.211994735	0.145936643	0.068864151	0.018681743	0.074949627	0.06924156	0.091632028	0.070324719	0.122476919	0.021150873	0.396215023	0.116100333	0.080740788	0.136088565	0.121138707	0.093668932	0.108814859	0.164765144	0.348353042	0.352357144	0.052389075	0.085507657	0.141071805	0.346977505	0.072694979	0	0.13962539	0.064748564	0.15424827	0.109177078	0.350716907	0.356691841	0.344495724	0.057397704	0.145784388	0.097013277	0.064072571	0.110923537	0.137350885	0.357872817	0.316694773	0.292866019
Kohl-LQ-Groundhog-KPM-G077	0.333961659	0.330987869	0.095074677	0.098836812	0.125410124	0.123044418	0.161914362	0.279824745	0.138757687	0.151692777	0.114509597	0.121541961	0.162622328	0.250726463	0.096384123	0.133344201	0.118767046	0.110854248	0.094198408	0.106278519	0.10536214	0.147802087	0.418744351	0.11596783	0.149229059	0.232234125	0.161195585	0.172436803	0.057591208	0.050733858	0.328539547	0.335617184	0.123186577	0.141898404	0.250884762	0.3326823	0.121613606	0.13962539	0	0.118780122	0.241601531	0.116463599	0.330702778	0.336560835	0.329602024	0.090162832	0.24104641	0.173333362	0.120686175	0.161938264	0.117576215	0.334020862	0.301139855	0.285250744
Kohl-LQ-Groundhog-KPM-G078	0.374932963	0.353280579	0.12963582	0.046042047	0.119926263	0.069590935	0.09332122	0.297759661	0.16944005	0.105985615	0.194114382	0.131756781	0.216718921	0.201899203	0.097277119	0.058115129	0.037799092	0.039197468	0.100341718	0.038296527	0.134543911	0.065923982	0.401475234	0.14206685	0.098175251	0.196077874	0.13863424	0.107372656	0.085683291	0.164446262	0.358509056	0.361938718	0.035182936	0.08940076	0.198948931	0.356169309	0.020372376	0.064748564	0.118780122	0	0.205373845	0.152289857	0.360068163	0.365830495	0.353769	0.097136027	0.200324641	0.106791012	0.013566745	0.112823723	0.15406496	0.367563291	0.332571802	0.309194206
Kohl-LQ-Groundhog-KPM-G079	0.395499075	0.362658159	0.225095373	0.217086619	0.181777089	0.210553259	0.183712183	0.42045691	0.263682291	0.187273044	0.259598877	0.208063202	0.306331233	0.034695071	0.202937356	0.161033095	0.185825908	0.193433583	0.195781269	0.208543	0.207875225	0.153045444	0.425766622	0.216789204	0.175034848	0.025227164	0.191784404	0.173076059	0.197661268	0.24704504	0.371289502	0.371269778	0.187386142	0.188729587	0.036253682	0.364208972	0.215517081	0.15424827	0.241601531	0.205373845	0	0.200004213	0.371280384	0.375447895	0.360040014	0.179536448	0.024886673	0.175855251	0.20657227	0.199688719	0.199451543	0.380193545	0.334657932	0.316111634
Kohl-LQ-Groundhog-KPM-G080	0.358994295	0.337118727	0.100198316	0.120836848	0.126558871	0.148589859	0.124693108	0.230014735	0.0868303	0.129400508	0.11008543	0.099609791	0.129464378	0.21502575	0.064638913	0.108474102	0.15189932	0.149529259	0.149043054	0.126766788	0.148226279	0.105087783	0.432884189	0.025785987	0.124290251	0.187027478	0.132867672	0.134522181	0.1320139	0.087703429	0.330263362	0.338316251	0.139108376	0.133357125	0.216139056	0.341888317	0.155603845	0.109177078	0.116463599	0.152289857	0.200004213	0	0.33429139	0.340066139	0.341006102	0.063105973	0.205650121	0.137361758	0.154817885	0.143381136	0.172702107	0.335777206	0.29664333	0.29377107
Kohl-LQ-Groundhog-KPM-G081	0.17553158	0.102121413	0.348819786	0.34107737	0.357448279	0.362259729	0.353128642	0.438800585	0.341815647	0.365715708	0.310776326	0.347939467	0.321970195	0.359463234	0.329570498	0.35198522	0.350245471	0.360686907	0.358689657	0.343522062	0.346312287	0.347919144	0.464769264	0.338463637	0.362947835	0.362474704	0.353725731	0.371650699	0.340210618	0.334862194	0.042218481	0.065077009	0.355840834	0.367257797	0.363421722	0.07771314	0.359157273	0.350716907	0.330702778	0.360068163	0.371280384	0.33429139	0	0.067435212	0.099334483	0.330178376	0.360425448	0.371500801	0.358241664	0.372282484	0.354667205	0.04646353	0.105293184	0.119666415
Kohl-LQ-Groundhog-KPM-G082	0.17652734	0.07062618	0.354717807	0.34776849	0.364313587	0.368268041	0.359124749	0.447648578	0.34828469	0.371759237	0.317385242	0.35467294	0.33197394	0.363638516	0.33549345	0.357979659	0.356222725	0.367153734	0.365052624	0.350738845	0.353457023	0.354122204	0.468402776	0.344114227	0.369239549	0.366685944	0.360674522	0.377658448	0.347393164	0.340758842	0.082728932	0.042437959	0.361835272	0.373244404	0.367589233	0.043981927	0.365707638	0.356691841	0.336560835	0.365830495	0.375447895	0.340066139	0.067435212	0	0.057691461	0.336691762	0.364675231	0.377734257	0.364675202	0.378060488	0.361194696	0.073953761	0.08249232	0.09653999
Kohl-LQ-Groundhog-KPM-G083	0.177754608	0.053280535	0.347791337	0.336514914	0.3519888	0.356057895	0.346926809	0.45803647	0.358728173	0.359643864	0.309940803	0.346242706	0.343095678	0.348186611	0.328369402	0.345781719	0.344010074	0.354750989	0.352705412	0.338927205	0.341812488	0.341747869	0.458587051	0.34410492	0.356846049	0.351239266	0.349143567	0.365417051	0.33579368	0.339945657	0.11666749	0.071813502	0.349710853	0.361054295	0.352248454	0.043430034	0.353211991	0.344495724	0.329602024	0.353769	0.360040014	0.341006102	0.099334483	0.057691461	0	0.328924792	0.349299495	0.365340757	0.352264762	0.366132683	0.348951428	0.105011762	0.089063972	0.071615742
Kohl-LQ-Groundhog-KPM-G093	0.350744827	0.331679634	0.09828386	0.07288844	0.115840162	0.104982424	0.095597392	0.262329582	0.129735729	0.119759583	0.128420955	0.090276281	0.177133665	0.175335733	0.033694828	0.051257823	0.091380586	0.091970827	0.126984467	0.078334134	0.136164579	0.062203847	0.408486873	0.080825581	0.111361383	0.165082075	0.124719885	0.125591993	0.096129899	0.114539826	0.326803772	0.33426763	0.081232792	0.11370034	0.174687312	0.332016981	0.106963188	0.057397704	0.090162832	0.097136027	0.179536448	0.063105973	0.330178376	0.336691762	0.328924792	0	0.169719437	0.127882444	0.097924924	0.134696283	0.161543605	0.336403399	0.296083288	0.277358843
Kohl-LQ-Groundhog-KPM-G094	0.384767447	0.351885495	0.244658204	0.210556005	0.201387731	0.206392077	0.174815351	0.413683303	0.277240437	0.206876513	0.258925904	0.227966332	0.306837118	0.01384249	0.19323876	0.15275907	0.179400155	0.187591653	0.217221652	0.202010433	0.227924449	0.143320611	0.418944113	0.224658945	0.195166386	0.037196874	0.210246393	0.193151943	0.204179164	0.266640268	0.360511607	0.360497439	0.181856677	0.206678491	0.021968897	0.353430205	0.210082462	0.145784388	0.24104641	0.200324641	0.024886673	0.205650121	0.360425448	0.364675231	0.349299495	0.169719437	0	0.195620695	0.201106583	0.21885247	0.218856572	0.369415104	0.324406813	0.305684937
Kohl-LQ-Groundhog-KPM-G095	0.3903519	0.366810515	0.085187708	0.107679802	0.053460509	0.097187185	0.095317901	0.307624521	0.151229395	0.053075153	0.183643358	0.079642906	0.2000967	0.205302787	0.123464922	0.096700407	0.13060402	0.123948276	0.085479695	0.101710893	0.095888552	0.088037969	0.41571391	0.12838502	0.07118977	0.171410217	0.080793761	0.010615969	0.137409908	0.174365036	0.368825006	0.372834608	0.104198248	0.077095108	0.20395027	0.367954734	0.102311576	0.097013277	0.173333362	0.106791012	0.175855251	0.137361758	0.371500801	0.377734257	0.365340757	0.127882444	0.195620695	0	0.112116162	0.027119686	0.122531494	0.378352881	0.337603705	0.312318157
Kohl-LQ-Groundhog-KPM-G096	0.373299791	0.352797511	0.132622556	0.047227971	0.119439855	0.074387133	0.094877567	0.299159061	0.173734803	0.110607923	0.194436972	0.136448413	0.219943723	0.198808477	0.098178024	0.060018845	0.038534619	0.031056446	0.102241356	0.038011636	0.135462947	0.067716338	0.402888456	0.146126947	0.103085893	0.196972204	0.143402452	0.112135174	0.080645046	0.167221101	0.356419238	0.360130931	0.036757574	0.095129887	0.197121876	0.354863619	0.015260793	0.064072571	0.120686175	0.013566745	0.20657227	0.154817885	0.358241664	0.364675202	0.352264762	0.097924924	0.201106583	0.112116162	0	0.119182361	0.146052829	0.366257133	0.332681918	0.309915223
Kohl-LQ-Groundhog-KPM-G097	0.387883936	0.365876451	0.072499299	0.107566766	0.053896719	0.089577403	0.088732336	0.296351682	0.134848217	0.039346158	0.189707337	0.063103894	0.202248225	0.228504608	0.130642792	0.111765937	0.138784542	0.131598025	0.084710568	0.104455913	0.086502132	0.102880117	0.414655047	0.127143275	0.065951377	0.195410876	0.074552817	0.028661229	0.132816221	0.163119704	0.370724425	0.374172346	0.117207263	0.070479689	0.228216415	0.36900964	0.107719695	0.110923537	0.161938264	0.112823723	0.199688719	0.143381136	0.372282484	0.378060488	0.366132683	0.134696283	0.21885247	0.027119686	0.119182361	0	0.126903332	0.379769649	0.34457712	0.318921179
Kohl-LQ-Groundhog-KPM-G098	0.359637487	0.34938922	0.133355162	0.16577404	0.090583859	0.148414689	0.150965126	0.351133818	0.194197198	0.115085867	0.166600527	0.13436825	0.21459828	0.229243023	0.170990449	0.144660458	0.152472475	0.122264381	0.064305628	0.158882365	0.057327941	0.145147846	0.416137566	0.173670664	0.124304801	0.196801588	0.128115256	0.121360083	0.102781016	0.114382543	0.353486254	0.356640122	0.150469439	0.130432463	0.230290811	0.351547099	0.149223492	0.137350885	0.117576215	0.15406496	0.199451543	0.172702107	0.354667205	0.361194696	0.348951428	0.161543605	0.218856572	0.122531494	0.146052829	0.126903332	0	0.362852573	0.325037927	0.299735113
Kohl-LQ-Groundhog-KPM-G099	0.181329637	0.11530779	0.353234056	0.348526893	0.365287572	0.369439411	0.360308325	0.43745521	0.343890438	0.372989605	0.313323337	0.355107649	0.321137649	0.368378063	0.333987064	0.359163235	0.357396649	0.368670924	0.366845309	0.351839334	0.354833589	0.354586215	0.473665507	0.339935306	0.369626084	0.371425236	0.360956337	0.378798567	0.348941096	0.337945842	0.047563977	0.070794723	0.363018848	0.37442798	0.372355794	0.084780099	0.367280662	0.357872817	0.334020862	0.367563291	0.380193545	0.335777206	0.04646353	0.073953761	0.105011762	0.336403399	0.369415104	0.378352881	0.366257133	0.379769649	0.362852573	0	0.106391371	0.121588532
Kohl-LQ-Groundhog-KPM-G100	0.18950662	0.093085999	0.319398647	0.311629537	0.327320783	0.329146489	0.323069498	0.413525323	0.310115748	0.331851256	0.274393032	0.315572274	0.295212766	0.327028123	0.294420834	0.317839923	0.322896712	0.330888473	0.33136658	0.315328637	0.320627581	0.312488343	0.461816257	0.300805082	0.328065301	0.326916562	0.31864023	0.33759056	0.313773771	0.305221705	0.119421978	0.093810893	0.323633711	0.333575952	0.332292587	0.091057177	0.335152136	0.316694773	0.301139855	0.332571802	0.334657932	0.29664333	0.105293184	0.08249232	0.089063972	0.296083288	0.324406813	0.337603705	0.332681918	0.34457712	0.325037927	0.106391371	0	0.061235938
Kohl-LQ-Groundhog-KPM-G101	0.189536971	0.091617559	0.303271602	0.289590605	0.300616238	0.303007489	0.301040359	0.419326815	0.312439147	0.306722315	0.263232501	0.295620165	0.298728823	0.3116154	0.280382801	0.294441183	0.299713496	0.306177388	0.30537904	0.293207185	0.294859979	0.291465493	0.448110567	0.297042937	0.303419674	0.308218149	0.295563929	0.312540716	0.288492441	0.299786616	0.131892787	0.103971949	0.297628376	0.307959939	0.316635987	0.079105082	0.312520421	0.292866019	0.285250744	0.309194206	0.316111634	0.29377107	0.119666415	0.09653999	0.071615742	0.277358843	0.305684937	0.312318157	0.309915223	0.318921179	0.299735113	0.121588532	0.061235938	0